%YAML:1.0
PCA2_vec: !!opencv-matrix
   rows: 10
   cols: 256
   dt: f
   data: [ -7.00286403e-002, 1.09450221e-001, 2.21488671e-003,
       -2.87501374e-003, 4.33952846e-002, 7.10932761e-002,
       -1.59551681e-003, -2.63015211e-001, -3.08958776e-002,
       7.91282300e-003, -2.18655951e-002, 1.77673444e-001,
       -4.68624709e-003, -8.72024894e-002, -1.66482851e-001,
       -7.47503061e-003, -2.08566170e-002, 9.61636230e-002,
       -1.51611501e-002, -3.40623334e-002, -1.30718425e-002,
       1.08612388e-001, 3.49090202e-003, -4.93535437e-002,
       -8.75644013e-002, 9.04190261e-003, -9.28295925e-002,
       3.25830042e-001, -9.57559422e-003, -1.13696372e-002,
       -1.53859882e-002, 7.85926953e-002, -1.49836589e-003,
       1.04097769e-001, -4.63662902e-003, -2.71975528e-002,
       -6.84384257e-004, 7.01343939e-002, -1.74634010e-002,
       -8.54863822e-002, -1.78477783e-002, 1.67424709e-001,
       -6.89458987e-003, 9.10137128e-003, -1.99766990e-004,
       -2.57174652e-002, -2.05912814e-002, 1.62987988e-002,
       -7.26339640e-003, -6.15731850e-002, -5.03585162e-003,
       -2.04852149e-002, -1.31400004e-001, 5.81347337e-003,
       8.21057765e-004, -2.73012614e-004, 2.33915430e-002,
       -1.36316776e-001, -3.03545892e-002, -3.88968131e-003,
       -6.51955852e-005, -1.11877181e-001, -6.24326640e-004,
       4.11479594e-003, -3.09566222e-002, 7.87828024e-003,
       1.67537369e-002, 3.69565969e-004, 6.64999010e-003,
       2.14221757e-002, 2.90344674e-002, -1.00500910e-002,
       -4.28908505e-003, -7.39997905e-003, 9.91123617e-002,
       1.52264029e-001, -2.52406625e-003, -1.96442790e-002,
       -5.04389443e-002, 1.12651363e-001, -1.13768200e-003,
       -1.22400504e-002, 9.61777940e-002, -2.75969394e-002,
       -5.17597534e-002, 8.60224664e-003, 8.50188662e-004,
       -3.50823253e-002, -5.71021531e-003, -7.66919181e-002,
       -8.77911374e-002, -4.36416231e-002, -1.81217270e-003,
       -2.55325269e-002, -3.09091192e-002, -5.16381813e-004,
       -1.20634502e-002, -5.29770041e-004, 1.15177140e-003,
       -4.39992687e-003, -1.56067666e-002, 1.77551936e-002,
       3.22362892e-002, -1.25094010e-002, -1.44883707e-001,
       -5.10129333e-003, 1.23635679e-002, 8.85861460e-003,
       -4.17566597e-002, 5.27057127e-005, -1.76000893e-001,
       5.54815829e-002, 4.67317179e-003, -9.67304315e-003,
       2.47005541e-002, -3.97841819e-002, 3.30091976e-002,
       2.63441242e-002, -3.44658643e-003, -8.28729048e-002,
       2.92227209e-001, -3.75530422e-002, 1.21512671e-003,
       -8.19975957e-002, 1.28678163e-003, -8.64754394e-002,
       3.17587001e-005, 1.38535383e-004, 6.60048984e-003,
       1.07857371e-002, -7.64991017e-003, 1.27225323e-003,
       3.46645005e-002, 6.50098845e-002, 4.46717441e-003,
       -1.17325164e-001, 1.18255308e-002, 6.13257522e-004,
       -2.32739244e-002, 7.25957891e-003, 7.51890708e-003,
       -1.24312423e-001, -5.90711925e-003, 4.03294154e-002,
       -6.99374825e-002, 6.98742270e-002, -4.51628119e-002,
       8.75828508e-003, -1.14372084e-002, 5.46670258e-002,
       3.36850388e-003, -6.17862418e-002, 6.40850840e-003,
       3.47397476e-003, 1.61280762e-002, 2.39082202e-001,
       6.22614548e-002, -4.08976944e-003, 8.29846486e-002,
       4.91581932e-002, 1.73202306e-002, 6.66895211e-002,
       6.18986646e-003, 1.65732540e-002, -5.09269955e-003,
       -5.91332978e-003, -6.54146448e-002, 7.50945881e-002,
       4.45479788e-002, 6.34707510e-002, 9.48252063e-003,
       1.64322909e-002, -7.21258949e-003, -3.37663442e-002,
       1.22940615e-002, 3.40405516e-002, -1.24285454e-002,
       -1.67882890e-002, -1.03145028e-002, -3.10566593e-002,
       -1.03296638e-001, 7.33205769e-003, 1.77748548e-003,
       1.44302379e-002, -1.78148206e-002, -5.78939952e-002,
       -2.75191646e-002, 6.64786575e-003, -1.61314420e-002,
       -1.53892606e-001, 1.17666461e-002, 1.77093763e-002,
       -2.41502021e-002, 2.70973109e-002, 4.64430973e-002,
       -6.81948266e-004, 8.51176400e-003, 1.32859061e-002,
       7.40694702e-002, -2.08847970e-002, -2.40632948e-002,
       2.78356262e-002, 3.50616388e-002, 6.26837164e-002,
       -9.32517927e-003, 5.34423329e-002, -2.46057622e-002,
       3.91559210e-003, -2.16192380e-002, -2.59509943e-002,
       -3.38547081e-002, 1.22738507e-004, -6.58094212e-002,
       1.24996137e-002, 4.78805322e-003, -5.95911890e-002,
       2.53219344e-002, -2.90592411e-003, -2.14780848e-002,
       -4.56275605e-003, 1.42907826e-002, 5.31725585e-002,
       -7.32333362e-002, -1.17309839e-002, -5.06249350e-003,
       3.80744264e-002, 6.59608981e-004, -2.69136741e-003,
       -8.69348720e-002, 5.94331063e-002, 1.00877658e-001,
       -7.77483685e-003, -1.65654104e-002, -2.14395300e-003,
       7.89059559e-004, 4.87481393e-002, -2.22483240e-002,
       2.86289537e-003, -1.51288584e-001, 9.53486711e-002,
       -2.88488604e-002, -1.59218675e-003, 4.83041443e-003,
       -3.87053899e-002, 4.02511563e-003, 6.18429109e-002,
       1.22007227e-003, 6.11303188e-003, 8.17845017e-002,
       -2.91752000e-003, 2.23139199e-004, -2.41684932e-002,
       7.59625633e-004, 1.32761836e-001, 1.43437386e-002,
       3.04044411e-002, -5.64135909e-002, 1.01105787e-001,
       7.50000635e-003, -7.39568565e-003, 1.57544389e-002,
       -9.61472560e-003, 9.51346476e-004, 1.40773421e-002,
       5.02340402e-003, 4.60345019e-003, 1.66423153e-002,
       2.38862410e-001, 5.80492942e-003, 2.49915216e-002,
       6.72694668e-002, 6.74280152e-003, 2.27469276e-003,
       -5.32560907e-002, 7.62876645e-002, -3.24402414e-002,
       -1.05383778e-002, 5.06684296e-002, 1.18224816e-002,
       2.06370801e-002, -1.10562906e-001, -5.77780418e-003,
       -1.02571994e-001, -2.41326451e-001, 9.25056171e-003,
       4.66168718e-003, 2.45180093e-002, 6.23640567e-002,
       -4.53755632e-003, -8.89398716e-003, -5.49526478e-004,
       -1.33575033e-003, 2.24488974e-003, 3.74326780e-002,
       1.04270345e-002, 4.42729183e-002, -1.57904938e-001,
       -4.82708849e-002, 1.05912797e-002, 1.95018481e-002,
       2.06520106e-003, 5.36976755e-003, 1.27403904e-002,
       5.43316379e-002, -3.82308522e-003, 3.01341503e-003,
       3.93240619e-003, -8.95128411e-004, -2.28811521e-002,
       1.49292825e-002, 4.00525425e-003, 7.83580169e-003,
       -5.67241199e-002, -1.25493944e-001, 3.38487932e-003,
       4.39045345e-003, 1.39027089e-003, 3.86486538e-002,
       2.58161500e-003, 1.39511693e-002, 2.24423353e-002,
       -2.10372992e-002, -2.34402344e-003, -4.34731366e-003,
       2.96512265e-002, 5.56961074e-002, 3.13731134e-002,
       3.90071818e-003, 8.63139238e-003, -7.88575970e-003,
       2.15091910e-002, 8.93822759e-002, 2.09916872e-003,
       2.80982032e-002, 1.44893117e-002, -2.91134068e-003,
       3.11101018e-003, -9.42662172e-003, -1.44521549e-001,
       2.71105953e-002, -3.37691493e-002, 1.21906465e-002,
       1.01173101e-002, 1.66535135e-002, 6.55604526e-004,
       1.71074029e-002, -1.64252669e-001, -2.09280197e-002,
       4.27922746e-003, 1.70218814e-002, 2.25830860e-002,
       8.74630176e-003, 4.76822897e-004, 6.05445914e-003,
       1.56355102e-003, 3.69473966e-003, 6.27524853e-002,
       4.58284430e-002, 4.10837010e-002, 2.00915951e-002,
       4.05975915e-002, 8.69565643e-003, 6.65400410e-003,
       1.98882967e-002, 2.06490010e-002, 1.15864063e-002,
       1.07808918e-001, 9.90486518e-002, 4.66215843e-003,
       3.01277102e-003, 5.07395901e-002, 2.45014299e-002,
       -3.05775367e-002, -7.71244839e-002, 3.76970368e-003,
       4.82883602e-002, -3.57924372e-001, 1.40995132e-002,
       -2.56929547e-002, 4.14838046e-002, 5.37975226e-003,
       2.29882505e-002, 1.43251359e-003, 6.02989877e-003,
       -2.72011179e-002, 3.53068486e-002, 1.75383147e-002,
       2.26187916e-003, 2.09620800e-002, -2.40168050e-002,
       6.31015794e-003, 5.08908033e-002, -6.24058023e-002,
       2.68065662e-004, 2.94411853e-002, 1.06780799e-002,
       -8.62815825e-004, -3.06911469e-002, 7.71410356e-004,
       -1.42200753e-001, -2.63996534e-002, 1.07659236e-001,
       8.08992237e-002, 6.38800338e-002, -2.83117648e-002,
       6.65637245e-003, 1.16151916e-002, 2.82242317e-002,
       -7.92174693e-003, -1.21105381e-003, 1.04776639e-002,
       3.04183215e-001, -1.03471847e-002, -3.49004334e-003,
       -4.90122940e-003, -1.34915318e-002, -4.61565889e-002,
       6.76768571e-002, 1.69070601e-003, -5.93006685e-002,
       2.55669188e-003, -5.36106080e-002, -1.47181358e-002,
       -1.56892076e-001, -4.44617793e-002, 3.26310843e-002,
       -1.07488111e-002, 1.53520545e-002, 6.18240563e-003,
       -1.25035280e-002, 2.69409847e-002, 7.57855689e-003,
       -4.03673295e-003, 9.60970484e-003, 2.26869974e-002,
       -1.68373547e-002, -4.95626125e-003, 3.92042520e-003,
       7.22616259e-003, 6.42971275e-003, -1.43865717e-003,
       -1.13289310e-002, 2.29097214e-002, 6.02115430e-002,
       1.73088480e-002, -9.83718410e-002, 1.49876503e-002,
       -1.29604666e-003, 2.40407344e-002, 7.97743499e-002,
       2.33827773e-002, -2.51221959e-003, 1.58293191e-002,
       -1.75592005e-002, -1.25679940e-001, 1.13385683e-002,
       9.37436894e-003, 2.88887788e-002, 2.97193173e-002,
       1.18407108e-001, -8.61904642e-004, -9.99002531e-002,
       -2.61088639e-001, -7.04880580e-002, -7.73150893e-003,
       4.16289903e-002, 4.33512926e-002, 1.35948742e-002,
       -5.39484955e-002, -2.14733575e-002, 4.93245060e-003,
       2.35358030e-002, 5.61270164e-003, -3.73244025e-002,
       2.46793982e-002, 1.73336547e-003, -6.42968249e-003,
       2.17698440e-002, -1.99879520e-002, 3.10148345e-003,
       -7.45746074e-003, 8.69672596e-002, 1.09827821e-003,
       -4.78772126e-005, -2.72068739e-001, 6.15566932e-002,
       -1.63837433e-001, -1.15735959e-002, 1.06980256e-003,
       1.93529483e-002, -2.23848241e-004, 1.15152165e-001,
       5.25737228e-003, -2.12180824e-003, -1.81130260e-001,
       9.70881283e-002, 2.21747309e-002, 1.99010293e-003,
       3.90883684e-002, 8.47949088e-003, -8.52669962e-003,
       -4.26996723e-002, 4.16965550e-003, -5.06822690e-002,
       5.27514890e-002, -4.09708768e-002, 6.87204476e-004,
       1.83752645e-002, 1.69005804e-002, -6.04820028e-002,
       1.43008949e-002, 7.22394325e-003, -6.89421594e-003,
       1.58709213e-001, -2.69401178e-004, 4.60974202e-002,
       -6.01170324e-002, -9.00441259e-002, -4.64712095e-004,
       5.50871715e-003, 1.43626891e-002, 1.08490363e-002,
       2.04060394e-002, 3.67739409e-001, -3.58115090e-003,
       -6.49289088e-003, -4.46462817e-002, -7.52847567e-002,
       -2.79321428e-002, -6.71280399e-002, -1.25823662e-001,
       3.39441113e-002, -5.64660765e-002, 4.85088341e-002,
       -1.40257413e-002, 8.91555753e-003, 4.86159101e-002,
       -8.32227711e-003, 2.79753115e-002, -2.47914955e-001,
       -1.53403380e-003, 3.25444597e-003, -2.92487647e-002,
       1.04318552e-001, 1.99838020e-002, 6.74673915e-002,
       5.53804310e-003, 4.27120775e-002, -9.86088067e-003,
       8.97844601e-003, 2.24240543e-003, -7.88111314e-002,
       9.32422802e-002, 2.51816139e-002, 2.38044802e-002,
       4.07724269e-002, 6.92752888e-004, 7.36419298e-003,
       1.08157983e-002, -2.33233888e-002, 9.23039205e-003,
       -2.04257667e-002, 1.15527178e-003, 4.53560101e-003,
       -7.04938620e-002, 1.50937019e-002, 3.18554416e-003,
       3.01027787e-003, 3.73479351e-002, -7.43073132e-003,
       5.20091271e-004, -2.74323230e-003, -1.91564299e-003,
       -2.87222210e-003, 5.22987510e-004, -1.15346685e-002,
       6.05487870e-003, 2.71728095e-002, 6.06541298e-002,
       7.58960145e-003, -3.98377851e-002, -8.28779265e-002,
       -4.52710025e-004, -1.01547129e-002, 4.79247421e-003,
       4.63474318e-002, 5.63774854e-002, 4.91439439e-002,
       1.93380972e-003, -8.41225088e-002, -5.14540076e-003,
       6.40760362e-002, 2.12351978e-003, 3.55735770e-003,
       3.57022621e-002, -2.14959513e-002, 8.79808050e-003,
       -1.51604705e-003, 3.70672182e-003, -1.40938535e-003,
       1.33024727e-003, -1.49084115e-002, -5.89774176e-002,
       -7.28225932e-002, 4.64749057e-003, -1.05984239e-002,
       1.74199361e-002, 3.89251439e-003, 2.14031339e-002,
       1.75516959e-002, -3.98285105e-004, 4.70471662e-003,
       -2.19979621e-002, -5.24720103e-002, -4.71178954e-003,
       -2.06618942e-002, 2.99155079e-002, 9.38945077e-003,
       -4.78380214e-004, 1.81760453e-002, 9.03921295e-003,
       -1.10590551e-002, 1.37318010e-002, -1.12427741e-001,
       5.53870015e-003, 2.93692749e-004, -9.80808884e-002,
       -8.37740768e-003, 1.85590219e-002, -5.75126894e-002,
       -9.10593313e-004, -7.78659433e-002, -1.90584913e-001,
       -2.97814906e-002, 9.32104606e-003, -1.45961083e-002,
       -5.05170494e-004, -6.45691529e-002, 2.16428060e-004,
       -6.10406278e-003, -3.19053754e-002, 2.49361955e-002,
       3.74866207e-003, 1.26711074e-002, -6.83942959e-002,
       -4.37059104e-002, 1.85227848e-003, 1.31254708e-002,
       -3.30641232e-002, 2.33172369e-003, -3.00360043e-002,
       9.84807033e-003, -2.14325320e-002, -7.02571794e-002,
       -2.27361858e-001, -1.40387043e-001, -1.97430123e-002,
       -7.85974935e-002, -3.81676257e-002, 2.68521067e-002,
       1.14921369e-001, 1.41236261e-001, 6.84840092e-003,
       2.61222534e-002, -1.99618600e-002, -4.37896373e-003,
       7.74442628e-002, -2.84077674e-001, -6.16232529e-002,
       -5.26744034e-003, 1.87266693e-001, 1.68094933e-001,
       5.38520142e-002, -7.66649917e-002, 1.42468256e-003,
       7.13130832e-002, 8.08936823e-003, 2.07390022e-002,
       5.46901207e-003, 5.86190931e-002, 1.37789175e-002,
       2.52205674e-002, 8.02354049e-003, 1.56958494e-002,
       -4.66421386e-003, -1.54390000e-002, 6.30679280e-002,
       -2.73773186e-002, -7.79157999e-005, 2.31490703e-003,
       1.30796256e-002, -2.15632096e-002, -2.97918287e-003,
       4.68298905e-002, 1.00192903e-002, 3.97664532e-002,
       -3.15273739e-002, -2.24991105e-002, 1.91904828e-002,
       -8.15668926e-002, -2.69253999e-002, -8.66862312e-002,
       4.21720594e-002, -7.85207609e-004, -9.87433549e-003,
       -9.26092640e-003, -2.71274578e-002, 2.84349080e-003,
       8.15489516e-003, -5.32497652e-003, 5.31689823e-002,
       -1.00268992e-002, -1.04025670e-003, 2.46291645e-002,
       2.53103431e-002, -3.63344327e-002, -2.81499606e-003,
       9.84650627e-002, 4.30612639e-003, 1.08329924e-002,
       1.97965745e-002, -4.08913679e-002, -3.77847143e-002,
       2.83740065e-003, 1.20664798e-001, 4.10324745e-002,
       2.57810466e-002, 7.78548280e-003, -2.91919392e-002,
       -2.22945828e-002, -3.96214128e-002, -4.00752621e-003,
       2.39425339e-002, 8.70919526e-002, 7.48683745e-003,
       3.15147601e-002, 9.73189063e-003, 5.27254343e-002,
       3.01548466e-003, 2.34863479e-002, 7.69228786e-002,
       -1.41729325e-001, 7.32067153e-002, -6.28000647e-002,
       1.69974798e-003, 3.13432850e-002, 5.01645589e-003,
       1.50564909e-002, 7.62853865e-003, -5.21614728e-003,
       -5.40604591e-002, -1.88002020e-001, 4.10790965e-002,
       1.05212778e-002, 1.92616098e-002, -7.94045404e-002,
       9.17795599e-002, 1.80086046e-001, 9.90596041e-003,
       6.08099140e-002, -9.87035409e-002, -5.33550419e-002,
       3.45806661e-003, -1.05369501e-002, 5.63917356e-003,
       1.53458044e-001, 4.80785184e-002, 7.82539546e-002,
       1.76919028e-002, 1.54553680e-002, 7.25769845e-004,
       -1.28498152e-002, 5.86352088e-002, 3.62194031e-002,
       -1.91798655e-003, -1.39116764e-001, -2.38262732e-002,
       1.74362548e-002, 2.82553099e-002, 1.00987218e-001,
       -5.76858700e-004, 3.83387804e-002, -5.72203882e-002,
       1.51457703e-002, 2.39889640e-002, 4.73001562e-002,
       -2.87821889e-002, 2.14357395e-002, 6.21587671e-002,
       8.96927156e-003, -3.38567747e-003, -1.75192263e-002,
       1.72064602e-001, -5.84945141e-004, 2.31689081e-001,
       -4.95982319e-002, 3.88747570e-003, 1.16800582e-002,
       -2.26386115e-002, -5.30198738e-002, -6.75562583e-003,
       3.81723829e-002, 1.36575266e-003, -2.72835344e-002,
       3.39127844e-003, -3.45390774e-002, 1.14275143e-002,
       5.41634811e-003, 5.94257638e-002, 2.46402487e-001,
       4.35631210e-003, -8.56326486e-004, -2.56889476e-003,
       -1.36139598e-002, 6.00117026e-003, 3.75201628e-002,
       -1.51424604e-002, -5.49985208e-002, 1.18293206e-003,
       -3.16237425e-003, 8.16775635e-002, 4.06830385e-003,
       -2.47684377e-003, -7.14604789e-003, -1.54928491e-001,
       -2.57021666e-001, 3.85954650e-003, -5.65373979e-004,
       1.66387006e-003, 1.96298454e-002, -1.06446107e-003,
       2.78015179e-003, 3.13119926e-002, 1.65450163e-002,
       -3.47095914e-002, 1.65141723e-003, 3.02233454e-002,
       9.78149027e-002, 1.67987701e-002, 6.51376415e-003,
       2.07782420e-003, 4.87463996e-002, 4.64223437e-002,
       -1.19560175e-002, 9.94726783e-004, 1.02247655e-001,
       2.52287444e-002, -1.24811985e-001, -1.80182001e-003,
       -7.03898072e-003, -2.55668372e-001, -3.51166236e-004,
       -6.93594739e-002, -1.02433478e-002, 5.53492783e-003,
       6.29189052e-003, -5.37453545e-003, -2.35331226e-002,
       2.40840688e-002, -5.84277622e-002, -1.12262403e-003,
       1.84662994e-002, 2.07227655e-002, 1.06386328e-002,
       -1.07668713e-002, -6.13995828e-003, -4.49374143e-004,
       -2.44535808e-003, 6.84254915e-002, 1.29676349e-002,
       4.74897400e-002, 1.29850544e-002, -1.19861409e-001,
       2.56402348e-003, -1.38677307e-003, 3.63157573e-003,
       -3.11382953e-002, 2.07893434e-003, -4.37386371e-002,
       4.03595204e-003, 1.63106935e-003, -6.29687961e-003,
       -2.98153222e-001, -9.94613953e-003, -1.07903068e-003,
       -1.14664836e-002, 4.61431220e-003, 1.22455116e-002,
       -1.05405010e-001, -4.59866459e-003, 6.41789846e-003,
       6.83746208e-003, 3.30823683e-003, 4.10344973e-002,
       1.02433667e-003, 6.68326905e-003, 5.95784187e-002,
       2.54914351e-003, -3.35276239e-002, -6.67633396e-003,
       4.97101098e-002, 1.14202961e-001, -1.91254914e-002,
       -3.48485485e-002, 4.66633439e-002, -1.41164393e-003,
       -6.36425009e-003, -7.01235048e-003, 1.67053733e-002,
       2.94575542e-002, -2.19233751e-001, 2.35992707e-002,
       3.29217538e-002, 2.28179079e-002, -1.96312994e-001,
       1.53497830e-002, -6.41585095e-003, -5.62219881e-002,
       -2.69722324e-002, -1.61747430e-002, 6.39634654e-002,
       -2.09871191e-003, -1.66043453e-002, 1.78882480e-002,
       3.21921036e-002, 4.35997620e-002, -2.23322231e-002,
       8.85214880e-002, -2.74037626e-002, 6.31360933e-002,
       5.49636316e-003, -1.87870897e-002, 3.09027033e-004,
       -9.89030004e-002, -3.14889625e-002, 9.51698422e-002,
       4.32330705e-002, 1.04412712e-001, 5.32166893e-003,
       -1.44578675e-002, -1.24589987e-002, -3.28586511e-002,
       -9.84305665e-002, 6.21068524e-003, -1.49981501e-002,
       -1.28181605e-002, -1.52412588e-002, 2.01185439e-002,
       4.95357774e-002, -1.51585415e-002, 1.00450194e-003,
       -4.43539117e-003, -4.80711982e-002, -5.99472085e-003,
       9.67118307e-004, 3.30900364e-002, 6.26508240e-003,
       7.97170550e-002, -4.24010772e-003, 2.42702346e-002,
       6.95729535e-003, 4.93779443e-002, -4.47921678e-002,
       -6.12045638e-004, -3.53165530e-002, -1.78291835e-003,
       -2.24626377e-001, -9.53734911e-004, -1.21906744e-002,
       2.28096657e-002, 6.51677325e-002, -4.48039919e-003,
       8.57614633e-003, -7.48039410e-002, 1.67564452e-001,
       -1.27571240e-001, 5.93623496e-004, 1.47729181e-002,
       -1.00277752e-001, 1.21646477e-002, -9.75196511e-002,
       1.60883423e-002, -1.28201619e-002, -1.38630625e-002,
       -2.16883216e-002, 2.86519900e-002, -4.61559370e-003,
       -5.03688178e-004, 2.80886199e-002, 3.67641053e-003,
       6.57062605e-002, -7.37818144e-003, -1.08842235e-002,
       1.23823117e-002, -1.48142222e-003, -2.07080552e-003,
       -6.14301243e-004, 1.27677452e-002, -2.89080385e-002,
       3.48253995e-002, -5.86652011e-003, 4.76576108e-003,
       -2.72327894e-003, 1.60125867e-002, -4.41293418e-002,
       -1.95317362e-002, 2.78531671e-001, 1.06685665e-002,
       -3.02845556e-002, -3.50819640e-002, -2.98578590e-002,
       6.42895550e-002, 9.16264392e-003, -5.99723198e-002,
       1.15605444e-003, 7.13405535e-002, 7.52218142e-002,
       2.44768057e-002, -2.14513182e-003, 7.32180662e-003,
       -5.33744134e-003, -3.51986997e-002, 9.02473368e-003,
       -3.34245339e-002, 2.93828733e-002, 5.20926081e-002,
       3.63674085e-003, 1.76698845e-002, 3.22907753e-002,
       3.12617188e-003, 1.14437938e-003, 4.93140006e-003,
       1.68940320e-003, 4.73489100e-003, 5.83891431e-003,
       9.29553434e-002, 4.85665444e-003, 3.17737423e-002,
       -4.25880104e-002, 3.61195505e-002, -1.92257203e-002,
       -1.76077187e-001, 6.45988211e-002, -8.01572204e-003,
       -2.09753625e-002, 4.01380565e-003, 1.03676748e-002,
       -8.23736843e-003, -1.04572356e-001, 1.94453038e-002,
       -8.43570456e-002, -5.49428999e-001, 7.02905096e-003,
       1.66340882e-003, -1.43311583e-002, -3.50463353e-002,
       1.26529587e-002, 4.93764877e-004, -4.58692026e-004,
       2.35565584e-002, 2.16306485e-002, -5.76778986e-002,
       -3.12853954e-004, -1.13848941e-002, 9.68858674e-002,
       5.10458611e-002, 7.30730317e-005, 5.27147623e-003,
       9.68894456e-004, -3.34300986e-003, -7.02817785e-003,
       4.75039054e-003, 3.55301192e-003, -4.03939001e-002,
       3.91744729e-003, 8.95379228e-004, 7.98880681e-002,
       1.66361406e-002, 2.36628181e-003, 6.18061470e-003,
       3.14773880e-002, -3.30106542e-002, -1.82809716e-003,
       9.00856405e-003, 3.10701504e-003, 4.19547036e-002,
       3.59270093e-003, 1.62049588e-002, -3.24705690e-002,
       -4.74587735e-003, 1.67233143e-002, 5.97288890e-005,
       2.32643411e-002, 3.25265639e-002, 5.13738999e-003,
       1.27259484e-002, 5.27405471e-004, 3.16129103e-002,
       7.03349113e-002, 2.99718864e-002, 3.45615577e-003,
       -4.10142355e-002, 3.14546376e-002, -1.03502557e-001,
       -8.99833976e-004, -1.59376231e-003, 1.77174017e-001,
       1.25873331e-002, 1.37206111e-002, 2.39646938e-002,
       1.93426795e-002, 1.30034368e-002, 1.44794362e-003,
       8.78049154e-003, -4.20512445e-002, -2.20072754e-002,
       3.84176895e-003, 2.25063972e-002, 2.64008790e-002,
       7.88100157e-003, -1.06201721e-002, -3.34439188e-004,
       -5.61709283e-004, 2.79379031e-003, -1.08301222e-001,
       1.69098098e-002, -6.36443123e-003, 2.25123987e-002,
       -5.68513386e-002, 4.03714785e-003, -8.28239601e-003,
       2.00016759e-002, -1.89168844e-002, 2.83611869e-003,
       -9.31969211e-002, 5.98284714e-002, -3.65723576e-003,
       -3.03877314e-004, 9.31163430e-002, 7.92425405e-003,
       -4.03470621e-002, 2.61617824e-002, -4.33973176e-003,
       1.23734595e-002, 4.07035023e-001, 3.64049873e-003,
       -6.77305507e-003, 2.38831136e-002, -1.89728336e-003,
       5.06515317e-002, 2.05708505e-003, 2.92881136e-003,
       1.19437240e-002, 1.36614107e-002, -2.90830843e-002,
       7.74915982e-003, -2.03259848e-002, -7.03309849e-002,
       -6.27586758e-003, -3.96236256e-002, 1.27253765e-002,
       6.82421087e-004, -1.85054168e-002, 5.57961315e-003,
       5.45434142e-003, 5.06862514e-002, -8.24368000e-002,
       8.22846368e-002, 2.39657387e-002, 6.63139463e-006,
       -7.12299794e-002, -2.09279004e-002, -1.14955291e-001,
       6.65388405e-002, 1.75458041e-003, 9.29300860e-003,
       -4.57383506e-003, 5.52047417e-003, -2.82641575e-002,
       2.67776519e-001, 2.42165793e-002, 1.54530257e-002,
       -1.01016581e-001, 3.26137356e-002, 1.87780391e-002,
       -5.53847253e-002, 8.58217198e-003, 8.94126110e-003,
       1.66655574e-002, -4.47851755e-002, 1.84421928e-003,
       -8.37859288e-002, 4.00960892e-002, -2.68617347e-002,
       7.53771048e-003, -1.13464948e-002, 7.41009251e-004,
       -7.30438065e-003, -7.81274866e-003, 9.05864034e-003,
       5.88263664e-003, 4.57726652e-003, -1.16409510e-002,
       -4.38441485e-002, 4.74751517e-002, 1.29306521e-002,
       3.35513917e-003, 2.56808605e-002, -1.61845330e-002,
       4.54700133e-003, -9.57638677e-003, 1.40119586e-002,
       2.43179016e-002, 9.30981115e-002, 1.74344201e-002,
       3.64838280e-002, -3.38895689e-003, -5.48658380e-003,
       -5.65708540e-002, 9.54324729e-004, 4.62001525e-002,
       6.41230680e-003, -2.36925739e-003, -1.32444594e-002,
       -1.01355799e-002, 6.33676723e-003, -1.98158175e-002,
       -4.02278416e-002, 6.45414181e-003, -1.21443294e-001,
       1.40674934e-001, -6.63853064e-002, 1.25262607e-003,
       -3.90481763e-002, -7.26146158e-003, -6.91053411e-003,
       2.39353925e-002, 5.56499837e-003, 2.03801114e-002,
       -1.80817209e-002, 1.08032124e-002, -3.14307511e-002,
       2.00987253e-002, 4.41427948e-003, 1.70055591e-002,
       -9.15131532e-003, 2.21091602e-002, 2.04127558e-004,
       6.12610951e-003, -1.50990242e-003, 1.51762983e-003,
       2.37570722e-002, 1.28052354e-001, -5.16665727e-002,
       1.49926364e-001, -1.33892316e-002, 3.19759711e-003,
       2.66290568e-002, 1.86123326e-003, 5.83953969e-002,
       -2.71761846e-002, -3.19006629e-002, -4.39095013e-002,
       -8.67461041e-002, -1.97845288e-002, 6.75867405e-003,
       -2.46152766e-002, -5.74053302e-002, -8.41164887e-002,
       -1.85560994e-002, 1.52378634e-003, -7.22985864e-002,
       -1.93659943e-002, -1.50550231e-002, -2.74911639e-004,
       8.73960461e-003, -2.82792561e-002, -1.77626237e-001,
       -1.90415308e-002, -4.76951711e-003, 4.75839624e-005,
       2.81232819e-002, 1.54817221e-003, 4.47986927e-003,
       2.31243931e-002, -7.69018307e-002, -1.58306095e-003,
       -1.08786710e-002, -1.42965438e-002, -2.69223424e-003,
       1.36936661e-002, 1.05195865e-001, -1.81349344e-003,
       -6.14493117e-002, 1.94971114e-002, -1.62462774e-003,
       -1.27049469e-004, -6.03802092e-002, 6.48299754e-002,
       -8.54134280e-003, 1.62869338e-002, -2.91961129e-003,
       1.35615608e-003, 8.83198380e-002, -6.50773719e-002,
       3.62567068e-003, -1.23235621e-002, -1.91798061e-001,
       -1.01614259e-002, -5.83009748e-003, 1.03984382e-002,
       4.75273877e-002, 1.49379736e-002, -2.05533439e-003,
       -5.64060034e-003, -1.64655373e-002, -5.36580198e-003,
       -7.55499750e-002, -1.48236970e-004, 3.66639420e-002,
       -1.50012299e-001, -1.22313015e-001, -4.82138805e-002,
       1.48849627e-002, -3.52467148e-004, 3.07151815e-003,
       -5.20047685e-003, 6.04408141e-003, 2.57970300e-002,
       6.44112006e-003, -8.09077825e-003, -1.41389454e-002,
       -9.61007178e-002, -6.35466864e-003, -4.95110638e-003,
       4.97651147e-003, 6.23851679e-002, 2.02571265e-002,
       -1.18910540e-002, -5.21366252e-003, -2.06228346e-003,
       -3.96013968e-002, 1.37088413e-004, -8.09238106e-003,
       9.60158277e-003, 3.16060968e-002, -4.75851335e-002,
       -1.33723574e-004, -2.43952256e-002, 4.10835035e-002,
       -2.95050740e-002, -8.28188728e-004, -3.17328522e-004,
       -2.34518610e-002, -4.17508371e-002, 4.62896191e-003,
       -4.39969823e-003, 5.55789992e-002, 2.40904242e-002,
       -9.63689014e-003, -9.87090898e-005, -4.93210880e-003,
       -7.30279461e-002, -3.92461792e-002, -6.86777681e-002,
       -1.83264613e-002, -1.81219552e-003, -1.75152775e-002,
       5.89757750e-004, -2.05517616e-002, 6.81329593e-002,
       4.18649707e-003, -4.92210267e-003, 6.65246695e-003,
       -1.40873343e-002, -7.03409500e-003, -3.51334526e-003,
       8.54733493e-003, -2.53707613e-003, -1.09772442e-003,
       1.34983703e-001, -8.48240312e-003, 8.79938807e-003,
       -7.17927376e-003, -1.69695511e-001, -8.63592420e-003,
       -2.65969541e-002, 2.66480562e-003, -1.29036130e-002,
       3.63317179e-003, 3.91019844e-002, -9.01949499e-003,
       6.09855074e-003, -3.41445720e-003, 1.16238438e-001,
       -3.21499668e-002, 6.75414205e-002, -6.99755177e-002,
       1.19530619e-003, 1.21334707e-002, 2.61935443e-001,
       -1.19873025e-002, 1.55355288e-002, -7.68129900e-002,
       -6.14230754e-003, -3.64107192e-002, -1.00941909e-003,
       -3.91321303e-003, 6.59625754e-002, 8.22195690e-003,
       1.26967588e-002, -3.77069507e-003, 4.93699126e-003,
       6.16461551e-003, -1.39427781e-002, -3.00993081e-002,
       -6.26919568e-002, -1.22098916e-003, 6.15616888e-002,
       -1.07862996e-002, 6.46333070e-003, -5.50813787e-002,
       3.84759367e-001, -2.30035298e-002, -2.62361648e-003,
       1.64143331e-002, 2.76188757e-002, 1.78815294e-002,
       9.60248485e-002, 7.83985539e-004, -1.06393555e-002,
       -8.01982544e-003, -3.91250849e-002, -1.19497413e-002,
       3.36545818e-002, 2.03860085e-002, -5.81856295e-002,
       4.52572276e-004, 7.91124105e-002, 7.64528066e-002,
       1.49444053e-002, 7.01971818e-003, -6.65916037e-003,
       -1.26922335e-002, -4.42199176e-003, -3.46008651e-002,
       -7.00103701e-004, 5.40153906e-002, -1.10754289e-001,
       -2.21537589e-003, -8.83672293e-003, 2.29644477e-002,
       -2.49639223e-003, -1.12990884e-003, -3.38725410e-002,
       -1.73101537e-002, 7.71954283e-003, -2.72885570e-003,
       -2.51550917e-002, 1.74485950e-003, -7.56652877e-002,
       -1.02595855e-002, -4.57551330e-003, 3.04765869e-002,
       -1.61917917e-002, -1.18287373e-002, -2.14249790e-002,
       -2.08981503e-002, -1.48936799e-002, -8.27699974e-002,
       -1.95718911e-002, -1.96388122e-002, -1.69096105e-002,
       2.91337613e-002, 2.68849824e-002, -1.60360557e-003,
       -6.49525821e-002, -2.54822560e-002, -2.30205134e-001,
       -1.03762159e-002, -7.87661690e-003, -7.21448334e-003,
       1.25342935e-001, 1.44903027e-002, -9.98385157e-003,
       6.39186278e-002, 4.83374931e-002, 2.08178591e-002,
       3.22116204e-002, 3.39107849e-002, -2.74728588e-003,
       -6.34075888e-003, 1.01216231e-002, -1.36825498e-002,
       1.57608441e-003, -2.51975972e-002, -3.61270085e-002,
       6.42804727e-002, 1.96819808e-002, -1.81230280e-005,
       -8.11340511e-002, 1.01367593e-001, -3.72348800e-002,
       -3.09356712e-002, 2.31367871e-004, 2.54644658e-002,
       -2.16808170e-003, -1.67159922e-002, 9.55805928e-002,
       4.68220795e-003, -2.77872980e-001, -3.11364885e-002,
       -1.14023825e-002, -1.09428009e-002, 1.89182896e-003,
       1.37388743e-002, 2.34164875e-002, 1.44317215e-002,
       3.64687353e-001, 4.06206731e-004, 1.05038527e-002,
       -1.48045802e-002, -1.26194227e-002, 1.96403004e-002,
       7.88059905e-002, 9.45550390e-003, -7.02328142e-003,
       1.16172105e-001, -2.02677459e-001, -2.90635834e-003,
       -9.19825397e-004, -1.88511722e-002, 3.26544866e-002,
       2.12352768e-001, 8.15196149e-003, -2.05688290e-002,
       7.34004527e-002, 6.25141524e-003, 5.08889731e-004,
       2.44103037e-002, -4.73013744e-002, -8.11317712e-002,
       -4.47840709e-003, 1.53309405e-001, 1.07173715e-002,
       4.80011106e-003, -4.01635692e-002, -3.03919446e-002,
       -7.12861074e-003, -1.50324218e-002, -7.99622238e-002,
       -3.13209777e-004, -6.45125285e-002, -6.52512908e-002,
       -3.11653931e-002, -8.34470242e-003, -6.35088086e-002,
       3.85732017e-002, -9.59677098e-004, 7.73095340e-002,
       -1.35135233e-001, 2.72385427e-003, -1.04378462e-001,
       1.24597624e-001, -2.74671782e-002, -1.22707356e-002,
       3.97798885e-003, -4.71122935e-003, 2.99812481e-003,
       -5.70817385e-003, 3.53647862e-003, -1.41637009e-002,
       -1.17072035e-002, -1.88799143e-001, -1.01866238e-002,
       2.03839857e-002, 2.45841611e-002, 1.42091617e-001,
       7.51066627e-003, -1.47614190e-002, 1.08918024e-003,
       -1.22367367e-002, -1.82733331e-002, 5.06413318e-002,
       -2.29170434e-002, -3.81334163e-002, -7.86150573e-004,
       2.36181868e-003, 9.74291284e-003, -6.78158039e-003,
       7.33608496e-004, 2.34806109e-002, -1.34080306e-001,
       -1.34223282e-001, -1.98308304e-002, 2.31695967e-003,
       -1.25088706e-003, -4.76829112e-002, -4.54990193e-003,
       1.29056312e-002, 3.21444683e-002, -1.61129434e-003,
       -8.03362764e-003, 1.88387104e-003, -1.19069889e-002,
       2.44521368e-002, 1.51902530e-002, -1.79392621e-002,
       4.87879524e-003, -1.20833954e-002, 2.09851384e-001,
       1.48210049e-001, 1.10645103e-003, -1.10990312e-002,
       -6.83867186e-002, -1.25672268e-002, 4.36173985e-003,
       4.58672596e-003, 1.91098988e-001, 1.73505992e-002,
       1.60195127e-001, -7.67142605e-003, -4.37278626e-003,
       -1.40903378e-002, 2.73287389e-003, 2.08691825e-004,
       7.22959191e-002, 2.47279685e-002, -9.15685901e-004,
       -4.77304459e-002, -1.93608254e-002, -3.50496219e-003,
       1.10224504e-002, -8.03414639e-003, -2.57374812e-003,
       7.16736249e-004, 6.08962514e-002, -2.16430128e-002,
       7.04263756e-003, -3.49191427e-002, 1.86068565e-001,
       -1.22921169e-003, -1.12478016e-002, -8.02170672e-003,
       -3.90380546e-002, -1.10654939e-004, -1.15748852e-001,
       3.44732590e-002, 2.74894591e-002, 1.82968419e-004,
       2.59387903e-002, 3.04628513e-003, 1.13409057e-001,
       5.94579168e-002, -3.61954817e-003, -4.53370847e-002,
       -3.04542601e-001, 4.61584469e-003, -1.15830719e-003,
       -2.59705982e-003, 2.68956088e-003, -4.24569212e-002,
       -2.51439796e-003, -9.79509059e-006, 9.96009167e-003,
       -4.07477170e-002, 1.39686270e-002, -1.22587085e-002,
       -1.12451144e-001, -1.06621720e-001, -1.01418278e-004,
       3.79625596e-002, -9.43766721e-003, -1.77081430e-003,
       -1.19588738e-002, 1.09967254e-002, -2.05428116e-002,
       4.74887863e-002, 6.57979771e-002, 1.99744478e-001,
       -5.87273240e-002, -3.11393640e-003, -1.68506633e-002,
       -3.48524824e-002, 8.60561207e-002, 7.02384263e-002,
       7.30558345e-003, 6.30129948e-002, -1.35291427e-001,
       1.21717714e-002, -7.80882761e-002, 1.64834782e-001,
       -9.83213708e-002, 2.82621142e-002, -8.52694586e-002,
       -4.52647693e-002, -1.15502728e-002, -8.81113764e-003,
       -2.92636571e-004, -3.51516195e-002, -3.43648791e-002,
       -8.27233717e-002, -7.89741650e-002, -1.22125586e-002,
       -3.75376083e-002, -8.08200054e-003, 1.17653580e-002,
       7.25107454e-003, -1.78996284e-004, -5.56718698e-003,
       -4.79873531e-002, 5.31330369e-002, -1.81922764e-002,
       -1.11079542e-002, -7.03650294e-003, 6.87977523e-002,
       8.00702535e-003, -2.08642893e-002, -5.48980758e-003,
       3.33997533e-002, -4.38849144e-002, -2.24761888e-002,
       -3.11520901e-002, 4.43641879e-002, 1.19475974e-002,
       5.67918792e-002, -1.81497429e-002, 1.04386006e-002,
       -2.06510592e-002, -6.18730076e-002, 4.17663492e-002,
       2.03922624e-003, -9.19065028e-002, -3.07110678e-002,
       -1.17542095e-001, -5.81432367e-003, 1.72018111e-002,
       8.76008347e-003, 1.33930951e-001, 1.31030694e-001,
       6.78211171e-003, 4.86481898e-002, 3.02358031e-001,
       8.17456618e-002, 9.83965583e-003, -1.60634834e-002,
       2.84205261e-003, -3.58542847e-003, 1.66093454e-001,
       3.06715607e-003, -2.60278787e-002, 8.10050126e-003,
       -1.51136089e-002, 3.70783657e-002, -2.28390489e-002,
       -2.96961353e-003, -3.21165398e-002, 4.42948937e-003,
       -1.36962859e-002, 5.22777997e-003, -5.14162099e-003,
       -3.06046698e-002, -1.26253860e-003, -1.02363983e-002,
       -5.27236238e-002, -2.23313980e-002, 5.86623922e-002,
       -2.83566844e-002, 5.18902810e-003, -1.15322936e-002,
       -3.16588581e-003, 2.08409857e-002, 3.65170679e-004,
       -1.47897529e-003, 3.62236910e-002, -2.93727475e-003,
       5.60520366e-002, 1.89971067e-002, 3.86274327e-003,
       -1.97330583e-002, 2.87622167e-003, 9.93820489e-004,
       -3.78066511e-003, 6.01461679e-002, -2.00868994e-001,
       4.30779830e-002, -4.11803741e-003, 5.97025687e-003,
       6.79448433e-003, 1.61087848e-002, -3.48300599e-002,
       -4.48556133e-002, -5.17639555e-002, 3.05646732e-002,
       2.17519701e-003, -3.77903022e-002, 3.24546769e-002,
       8.82259682e-002, 9.84712504e-004, 2.20648199e-001,
       -2.02442214e-004, 7.97232985e-003, -1.03823543e-002,
       -9.28202644e-002, -1.27604557e-002, 9.35824960e-002,
       -8.26675147e-002, -1.12925865e-001, 7.88368657e-002,
       1.26197204e-001, -1.06086202e-001, -3.61839794e-002,
       -1.52659222e-001, -2.49615740e-002, -1.72107806e-003,
       -1.77308396e-001, 6.47233278e-002, 1.22219836e-002,
       -4.91355285e-002, -1.52427152e-001, -3.80667821e-002,
       -4.36748797e-003, -4.29193899e-002, -4.42399085e-002,
       9.68814082e-003, 2.51483973e-002, 1.30281015e-003,
       5.94576597e-002, -1.51228625e-002, 1.02375001e-001,
       1.65734049e-002, -1.70152634e-001, -4.28670049e-002,
       3.84030119e-002, -7.22573372e-003, -3.38159385e-003,
       1.08219648e-003, 7.88759347e-003, 2.86324043e-002,
       -6.75649662e-003, 2.14279331e-002, -9.33389738e-003,
       -5.59012732e-003, 3.85753401e-002, -1.14908054e-001,
       1.35923279e-002, 1.33357942e-003, -1.10248160e-002,
       6.27415404e-002, -2.71944758e-002, -5.14707807e-003,
       7.79145584e-003, 2.96641421e-003, 1.36250071e-002,
       5.67722251e-004, 4.62529482e-003, 3.11447904e-002,
       -5.10625774e-003, -6.84685959e-003, 1.79690216e-003,
       -1.65075418e-002, -1.29255811e-002, 1.46343866e-002,
       -2.60519031e-002, 2.21965592e-002, -2.75664367e-002,
       -1.41938210e-001, -3.09069995e-002, 4.90776869e-003,
       -1.56911522e-001, -1.05107695e-001, -6.45509455e-003,
       3.77451279e-003, 1.94321349e-002, -6.74282163e-002,
       7.14561194e-002, 3.76798846e-002, -2.35052761e-002,
       9.98819619e-003, 3.37167345e-002, 1.00301877e-002,
       3.16998884e-002, 3.60783786e-002, -8.17904156e-003,
       5.77712082e-004, -9.62652415e-002, 5.40561378e-002,
       -4.25184518e-003, 2.06719339e-002, 1.06883515e-002,
       1.09434174e-003, 1.47466883e-002, 1.10411391e-001,
       3.42089981e-002, 1.10329855e-002, -2.38809399e-002,
       -9.42421481e-002, 2.99068876e-002, 1.25274071e-002,
       3.01624322e-003, -2.27363734e-003, 2.01441743e-003,
       3.52538191e-002, 3.31228450e-002, 1.41175778e-003,
       2.55113300e-002, -1.34208038e-001, 1.23071775e-001,
       1.20744266e-001, -3.64183523e-002, 3.45806312e-003,
       -3.99043076e-002, 1.40568212e-001, 6.54407516e-002,
       3.04251048e-003, 1.26029968e-001, 3.56316287e-003,
       -6.40315786e-002, 2.58748047e-003, 9.43852763e-004,
       -3.58640589e-002, -6.73877373e-002, 3.04876249e-002,
       -8.04278161e-003, 8.19557607e-002, 6.92918077e-002,
       1.32418089e-002, 2.36176461e-001, -3.26545425e-002,
       9.19756247e-004, -5.08234687e-002, -1.12751743e-003,
       1.81398494e-003, 1.34673685e-001, -7.73126185e-002,
       -4.33259420e-002, -1.80409715e-001, 7.52589181e-002,
       -2.70168632e-002, -3.68153043e-002, 3.48708600e-001,
       5.12110582e-003, 4.60487884e-003, 5.78537285e-002,
       -3.76116149e-002, 1.65865421e-002, -1.31189926e-002,
       1.41565099e-001, 7.92796090e-002, -1.47145651e-002,
       -1.50370505e-002, -1.47638515e-001, 5.78962220e-003,
       -3.29896770e-002, 3.28585762e-003, -8.28062668e-002,
       -2.22103857e-002, 6.82027116e-002, -2.98415534e-002,
       -2.67549008e-002, 3.29365232e-003, 2.77248826e-002,
       8.04628246e-003, -2.89303362e-002, 3.02719930e-003,
       3.92042100e-002, -5.94526157e-002, -2.61584446e-002,
       -1.89970192e-002, 1.93990823e-002, 5.96684916e-003,
       -7.16104265e-003, 2.04477161e-002, 8.14426597e-003,
       3.41096870e-003, 1.86114348e-002, -3.20065254e-003,
       -1.74320824e-002, 1.30401067e-002, -6.15760160e-004,
       -9.75510757e-003, -1.15282662e-001, -2.14884765e-002,
       -1.00029893e-002, -3.09728533e-002, -1.26770198e-001,
       -4.34961962e-003, 8.56343890e-004, -7.18581527e-002,
       -4.33236212e-002, 8.48163143e-002, 2.53049918e-002,
       1.65052693e-002, 5.23132691e-003, -4.51453999e-002,
       -4.24483679e-002, 6.76776562e-003, 1.60202459e-002,
       1.51267260e-001, 5.05203102e-003, -5.05286641e-002,
       -3.58168222e-002, -2.60399617e-002, 6.48539467e-003,
       -7.66716599e-002, -1.47442715e-002, 1.63904354e-002,
       9.62478891e-002, -5.14903991e-003, -3.83094586e-002,
       -3.49011533e-002, -6.00723783e-003, -1.08220398e-001,
       2.37989333e-002, 1.40231838e-002, 1.60455070e-002,
       -4.79200715e-003, -2.60513742e-002, 1.54054564e-004,
       1.53312820e-003, -9.26576331e-002, 3.48730497e-002,
       -5.82471453e-002, 4.04016711e-002, 1.67977996e-003,
       1.95762962e-002, 3.08889104e-003, -2.62835040e-003,
       7.65898591e-003, -1.14546735e-002, -1.86806954e-002,
       7.40164444e-002, 2.70349119e-005, -2.36577750e-003,
       -8.64896551e-003, 1.06233098e-002, 9.18422714e-002,
       1.94242224e-002, 3.86314280e-003, 7.37297954e-003,
       -2.99623273e-002, 7.27138296e-002, 3.84926330e-003,
       4.44162302e-002, 2.36946214e-002, 3.68085541e-002,
       9.66289360e-003, 2.78819632e-002, -5.16220182e-002,
       7.00800121e-002, -5.63080888e-003, 3.78620112e-004,
       4.66055162e-002, -2.63997838e-002, 7.23674381e-003,
       -6.41356558e-002, 3.20175604e-004, 2.29067393e-002,
       1.61302201e-002, 8.49235058e-002, 1.04709845e-002,
       -1.97906396e-003, -1.54335909e-002, 1.21520991e-002,
       6.64119869e-002, -1.23485230e-001, 4.67360318e-002,
       -4.92222868e-002, 9.07775760e-002, -2.58765072e-002,
       4.07689856e-003, -3.83960903e-002, 4.24992330e-002,
       2.90698484e-002, -2.35934835e-002, 1.54849336e-001,
       2.06306484e-002, 1.89904077e-003, 1.98989809e-002,
       5.76113025e-003, 2.49810647e-002, -5.74800633e-002,
       3.35478690e-003, 4.96389531e-002, 2.57130545e-002,
       -3.76811400e-002, 1.29904887e-002, -2.79689636e-002,
       -3.14237088e-001, -2.59392887e-001, 1.23203360e-002,
       5.53698577e-002, 2.17603985e-003, -1.66829024e-002,
       -1.01099741e-002, 2.97270995e-002, 5.58192395e-002,
       3.22632841e-003, 7.27265654e-003, -6.75908942e-003,
       -8.31721723e-003, 2.92209443e-002, 9.26035270e-003,
       1.12379640e-002, 3.47377174e-002, -1.38182938e-001,
       2.90888245e-003, 1.02667334e-002, 1.25290814e-003,
       1.75210051e-002, 7.37988204e-003, 8.00566189e-003,
       1.11462420e-003, 7.45691210e-002, 3.57243977e-002,
       3.28516564e-003, 3.79126891e-002, 4.28456590e-002,
       8.21596161e-002, 1.45545667e-002, -4.12839884e-003,
       5.86171784e-002, -2.01980382e-001, 2.14513093e-002,
       -1.55251136e-003, -1.20073231e-002, 2.88744532e-002,
       2.96182688e-002, 2.77802814e-003, -8.84835050e-003,
       1.62880272e-001, -2.60683950e-002, -1.57459244e-001,
       1.30298091e-002, 3.22731398e-002, 1.48817967e-003,
       5.91907417e-003, -4.39274032e-003, 3.27871293e-001,
       7.07901567e-002, 6.18855888e-003, 1.68307703e-002,
       8.83043110e-002, 1.29972370e-002, -1.29577806e-002,
       2.27178764e-002, 2.09200103e-003, 2.44872086e-003,
       -2.47074198e-002, 1.28630288e-002, 3.87102365e-002,
       2.20070165e-002, -1.01030461e-001, 5.97401289e-003,
       1.64838787e-002, 5.55057377e-002, -3.26258615e-002,
       5.01484191e-003, -7.90111870e-002, 7.72690102e-002,
       6.90491218e-003, 4.94958926e-003, 8.64803139e-003,
       -9.43068042e-003, -4.59664427e-002, -4.85133938e-002,
       -2.68910173e-003, 9.89592634e-003, -1.43138796e-001,
       1.20792054e-002, 7.66046578e-003, -2.23297402e-002,
       1.00199291e-002, -1.00882808e-002, 2.15606461e-003,
       6.79343427e-003, -9.97638423e-003, 5.25255203e-002,
       -2.50342898e-002, 1.77911203e-002, 1.54749975e-002,
       -4.97632660e-002, -7.35507393e-003, -2.64777783e-002,
       -1.66901052e-001, 3.80647765e-003, 2.21584719e-002,
       2.01545898e-002, 1.40481465e-003, 3.77951888e-004,
       -1.87502503e-001, 4.39044870e-002, -2.86215898e-002,
       -1.01527952e-001, -2.10504830e-002, -3.86778601e-002,
       -8.08526203e-002, 4.15749028e-002, 2.86397175e-003,
       4.51504672e-003, 8.25944394e-002, 2.30804235e-002,
       8.42202362e-003, 5.55694709e-003, -1.79464854e-002,
       1.43468315e-002, -5.84152415e-002, -3.18600200e-002,
       -1.37842679e-002, -1.88027233e-001, 8.08068924e-003,
       6.95611909e-002, 5.91555536e-002, 7.81808794e-002,
       -3.65621485e-002, -1.17392980e-001, -1.17202535e-001,
       -3.52007784e-002, 1.74090068e-003, 2.92676929e-002,
       -1.01631964e-002, 2.35432340e-003, -5.05817272e-002,
       -3.20994928e-002, -1.15305111e-002, -8.85107031e-004,
       2.13835109e-002, -1.11446649e-001, -3.75869265e-003,
       6.49757460e-002, 1.51245631e-002, 3.10745090e-002,
       -1.00694504e-002, -2.10444555e-002, -2.31922627e-003,
       1.24614043e-002, -5.43669630e-005, -6.60808161e-002,
       1.04764476e-002, 4.89594415e-003, -1.49482265e-002,
       5.73473275e-002, -9.12239254e-002, 2.50894995e-003,
       3.03852614e-002, -1.54038919e-002, 8.00793394e-002,
       -1.46355219e-002, -1.49721149e-002, 9.49377790e-002,
       -2.44076122e-002, -4.39821891e-002, -9.27740708e-003,
       -1.10148095e-001, 2.18888894e-001, 1.39183030e-001,
       1.76229440e-002, -7.46319816e-002, -2.04774700e-002,
       -1.45961745e-002, -6.09496757e-002, 9.99363232e-003,
       5.67426234e-002, -1.83645040e-002, -8.01775430e-004,
       -6.86218366e-002, 1.25881452e-002, 1.26074888e-002,
       -3.38489860e-002, -3.26789953e-002, 3.21011506e-002,
       2.85578389e-002, -5.56518603e-003, 8.62207497e-004,
       3.66269797e-003, 2.83820499e-002, -1.64290629e-002,
       2.73030549e-002, 2.97412369e-002, 7.54819484e-003,
       -1.12203211e-002, 3.81960860e-003, 9.50297341e-003,
       4.96275462e-002, -1.98182967e-002, 1.93125335e-003,
       1.54395565e-001, 7.92817920e-002, 2.47237533e-002,
       1.29239094e-002, 1.87648013e-002, -5.11046834e-002,
       1.14498232e-002, 8.52096900e-002, 1.32510038e-002,
       -9.33883935e-002, -2.80967844e-003, -3.30353379e-002,
       2.39284732e-003, 1.15843443e-002, 8.04225914e-003,
       -6.29134104e-002, 1.07967062e-002, 6.34366646e-002,
       -2.40007788e-002, -1.12080779e-002, 1.13573810e-002,
       -4.99647530e-003, -1.87147837e-002, 1.09420763e-002,
       -6.38213707e-003, 2.94232499e-002, 7.66095798e-003,
       8.83689709e-003, -9.31285694e-003, -3.50141861e-002,
       -6.30761823e-003, 2.23470908e-002, 1.91722348e-001,
       7.48302713e-002, -4.15222049e-002, 1.13623165e-001,
       -4.05374505e-002, 2.21962091e-002, -9.67799406e-003,
       -4.09768969e-002, 1.77806208e-003, -1.54411728e-002,
       -1.46861315e-001, -9.62173566e-003, -1.84917420e-001,
       1.89142674e-001, -4.17814218e-003, 1.08678371e-003,
       4.09429707e-003, -7.40009993e-002, 3.20836389e-003,
       8.80412757e-002, -3.53627326e-003, -1.11721344e-002,
       8.25446844e-003, 8.13013241e-002, 9.20130042e-005,
       -6.39961809e-002, -1.28780246e-001, 3.58417956e-003,
       4.30563241e-002, -1.22696972e-002, -1.68613798e-004,
       1.75841842e-002, 2.06986465e-003, 1.25199156e-002,
       -2.24702656e-002, -3.16728577e-002, -3.21777817e-003,
       3.79051291e-003, -2.70968247e-002, -3.58733274e-002,
       -2.88944365e-003, -2.58750608e-003, 1.66079298e-001,
       6.00029752e-002, -5.97912911e-003, -3.81549075e-003,
       8.41390225e-004, -2.25944053e-002, -3.16810724e-003,
       -1.12551935e-002, -4.90091257e-002, -4.18939143e-002,
       2.83217244e-002, 3.82573111e-003, -5.11286743e-002,
       -6.45048469e-002, -2.04866603e-002, -9.86205507e-003,
       4.93783969e-003, -1.14169456e-002, 2.16987878e-001,
       1.64819285e-001, -6.80812588e-003, 4.70219553e-002,
       6.76238313e-002, -3.23763527e-002, 6.75667950e-004,
       2.63692345e-004, -8.17443952e-002, -2.50434480e-003,
       -1.16548978e-001, -2.13283487e-002, -1.94229763e-002,
       7.26681028e-004, 6.72400743e-003, 4.96914145e-003,
       -5.19193299e-002, -1.48987584e-002, -2.42321193e-003,
       9.17124096e-003, -3.79087962e-002, -6.12406572e-003,
       -8.27614870e-003, -1.18626738e-002, 1.82591658e-003,
       -4.65159025e-003, -2.18470976e-001, 1.90407957e-003,
       -5.52969724e-002, -7.90215563e-003, -1.69988256e-002,
       -9.17255238e-004, -8.08912446e-004, -2.07582172e-002,
       4.66651879e-002, -3.30849667e-003, 1.60940632e-001,
       -4.56494130e-002, 5.52558852e-003, 3.91150871e-003,
       2.25297268e-002, 7.94163812e-003, -7.42610916e-002,
       -2.90815178e-002, 2.80691311e-003, -2.10048705e-002,
       3.21334712e-002, 2.06244718e-002, 5.38629387e-003,
       -2.67591444e-003, 5.97318681e-003, 1.20264580e-002,
       -3.24082794e-003, -4.76894341e-003, 3.60992327e-002,
       7.28926680e-004, -9.29420348e-003, 7.37115683e-004,
       -2.95915268e-002, 1.94086023e-002, -8.24213028e-003,
       8.39460939e-002, -1.34323448e-001, -3.49176582e-003,
       2.52556261e-002, -1.11122290e-002, -2.55130883e-002,
       5.17006256e-002, -3.18321019e-001, 5.80169149e-002,
       -2.65851077e-002, 1.76172182e-002, 7.54695609e-002,
       4.58683185e-002, 1.46260843e-001, 4.69940640e-002,
       7.13238074e-003, 2.27093808e-002, -3.16284001e-002,
       -6.40686788e-003, -1.85780078e-002, 7.11887926e-002,
       5.33292107e-002, 1.79551393e-002, -4.79628611e-003,
       9.54321548e-002, 2.44805776e-002, 1.02535687e-001,
       3.26640625e-003, 7.74398586e-003, -8.63106363e-003,
       -1.63430069e-002, 2.73894966e-002, -1.48650240e-002,
       -1.24196492e-001, -4.68376875e-002, 8.24500527e-003,
       -2.63088662e-002, 3.15940264e-003, -1.95999742e-002,
       -8.77630040e-002, -2.28742938e-002, 1.12879481e-002,
       -1.51785105e-004, 1.49404621e-002, 1.68047454e-002,
       -1.21194478e-002, -1.09472834e-002, -3.98777099e-003,
       8.70654639e-003, 3.25432122e-002, 1.38593009e-002,
       2.11214069e-002, -2.77317986e-002, 8.30226578e-003,
       3.45239155e-002, 2.33058296e-002, 1.59254409e-002,
       -1.81322242e-003, -3.35113262e-003, 5.78170009e-002,
       -1.66869583e-003, -2.64076050e-002, -2.80184094e-002,
       -2.24546209e-001, 3.31850955e-003, -1.71624087e-002,
       -3.34910080e-002, 5.93599230e-002, 3.59380394e-002,
       -2.30439324e-002, -1.50101766e-001, 1.23715680e-002,
       -2.53223591e-002, -2.62268130e-002, 2.36901660e-002,
       2.75271740e-002, 1.11067388e-002, 3.38011160e-002,
       1.18107377e-002, -3.08457315e-002, 4.62010428e-002,
       -2.51968894e-002, -4.89052832e-002, 2.64844690e-002,
       -7.54606770e-003, -5.86268418e-002, 1.14635620e-002,
       5.09623848e-002, 2.97805909e-002, 5.19229099e-003,
       -2.07796483e-003, 1.29309914e-003, -1.14635599e-003,
       4.09971297e-001, -1.22747421e-002, -1.16359837e-001,
       -5.53227626e-002, -2.10588314e-002, -4.56638634e-003,
       -4.53168061e-003, -5.96348383e-002, -4.37748572e-003,
       -2.12475732e-002, 2.90686004e-002, -4.82942676e-003,
       1.24278525e-002, -7.54823955e-003, 2.18421854e-002,
       -1.83294266e-002, 7.11806267e-002, 5.80956712e-002,
       8.60849861e-003, -2.09730864e-002, 4.25204411e-002,
       -1.24030011e-002, 7.87299534e-004, -5.26160654e-003,
       9.54658631e-003, -1.07309662e-001, 3.41413654e-002,
       4.41964120e-002 ]
