%YAML:1.0
PCA7_vec: !!opencv-matrix
   rows: 10
   cols: 256
   dt: f
   data: [ -8.54824763e-003, -9.31075588e-002, -1.69551710e-003,
       -1.94655415e-002, 5.04187271e-002, -5.17521761e-002,
       1.81265874e-003, -7.18825217e-003, -1.51297906e-002,
       -1.27526186e-002, -7.47396983e-003, -1.79162398e-001,
       1.23308017e-003, -5.47257159e-003, -1.13734640e-002,
       -5.55548482e-002, 6.06382415e-002, 1.67281643e-001,
       -2.35754997e-003, 2.14678701e-002, -3.69968154e-002,
       -3.86877991e-002, -6.51600398e-003, -1.96560100e-002,
       1.68509841e-001, 3.54646631e-002, 7.57310539e-002,
       4.29251432e-001, -6.88642310e-003, -5.64830331e-003,
       -3.90376747e-002, -5.06564602e-002, -1.19774034e-002,
       -1.03032827e-001, -4.47500125e-003, -1.16137555e-002,
       -9.73874878e-004, -6.73500970e-002, 5.72950160e-003,
       -1.91466156e-002, -3.55996238e-003, -4.14843149e-002,
       -2.21468024e-002, -3.87861044e-003, 5.52925339e-004,
       2.79065757e-003, -2.31988472e-003, -8.45003407e-004,
       -4.71895784e-002, 7.75040388e-002, 4.13313275e-004,
       9.39484779e-003, -1.18920999e-002, -2.03064922e-002,
       -6.83285715e-003, -7.53062428e-004, -7.32125193e-002,
       5.28517775e-002, 2.48413417e-003, 8.28222651e-003,
       -6.49423397e-004, -6.35328051e-003, 1.75896869e-003,
       -1.98941748e-003, -1.06761919e-003, -4.68778517e-003,
       -2.85260449e-003, -2.04855087e-003, 1.82479981e-003,
       3.08639719e-003, -1.02170007e-002, 1.42686395e-003,
       -1.74165238e-003, -1.45325167e-002, -4.21073623e-002,
       -8.02591667e-002, 4.12986986e-003, -1.73778106e-002,
       -1.03458222e-002, -6.11797310e-002, 4.26390022e-003,
       2.08267220e-003, -6.26074243e-003, -4.01741685e-003,
       -7.54679553e-004, -7.79891992e-003, -8.31916928e-003,
       -8.06974713e-004, 4.70494619e-003, 8.39852320e-004,
       7.65011236e-002, 9.50619578e-002, -3.27507197e-003,
       -5.08847972e-003, -1.33904349e-002, -1.01283062e-002,
       -4.22904594e-003, -9.29141510e-003, -2.53303023e-003,
       -2.11352063e-003, -5.09549528e-002, -1.79850142e-002,
       -5.78646269e-003, 3.51774916e-002, -2.00476795e-002,
       -2.98274937e-003, -6.74114889e-003, -1.48807615e-002,
       5.67848468e-003, 7.35613257e-002, -7.77076706e-002,
       -5.51958494e-002, -8.90730228e-003, 1.37931742e-002,
       4.13957648e-002, 4.12787981e-002, -6.06474699e-003,
       1.35501297e-002, -6.79079618e-004, 2.55731549e-002,
       1.04086973e-001, 5.82937151e-002, 1.60323782e-003,
       5.36001660e-003, -1.50659878e-003, 3.91404442e-002,
       -4.40896302e-003, 1.14162045e-003, 6.24098955e-003,
       -7.75312912e-003, 1.01586562e-002, -1.37664459e-003,
       2.21496418e-001, -1.42363384e-002, -3.36426980e-004,
       -7.73904519e-003, 2.67196540e-003, -8.03993025e-004,
       -1.16244741e-002, -1.02687115e-002, 6.22932799e-004,
       -9.52278543e-003, 3.41520101e-001, 2.06797849e-002,
       -6.69457465e-002, -1.03829451e-001, 1.42489057e-002,
       -5.19292057e-002, -5.03282025e-002, -6.27291799e-002,
       -4.95227193e-003, -2.29108743e-002, -2.53993422e-002,
       -1.51574919e-002, -5.96559420e-002, -2.47735023e-001,
       -5.13015268e-003, -3.94305587e-003, -3.75329666e-002,
       -4.61335629e-002, -1.25812115e-002, -5.52741177e-002,
       -1.48980813e-002, -7.73818279e-003, 3.74762062e-003,
       1.23794869e-001, 6.32804334e-002, -8.15802962e-002,
       -3.09670856e-003, -3.15332673e-002, -1.64532401e-002,
       -6.58441335e-003, -2.27306853e-003, 1.68913382e-003,
       2.66035497e-002, -3.78176831e-002, -9.25279036e-003,
       2.04419605e-002, -4.20324178e-003, -3.16168815e-002,
       -1.21238586e-002, -2.65783165e-002, -1.50757385e-002,
       -4.30847742e-002, 7.73187261e-003, 6.12528576e-003,
       -5.92778251e-003, -1.22284051e-002, -7.11346627e-004,
       -3.54854972e-003, -1.50718121e-003, -1.30248675e-002,
       -1.26757659e-003, -1.42079154e-002, 3.75834323e-004,
       -7.00507313e-004, 1.72385760e-002, -7.07901781e-003,
       3.75524946e-002, 1.37427857e-003, -1.18588994e-003,
       -1.63137056e-002, -2.28406917e-002, -3.23852338e-002,
       2.39174115e-003, -4.05080952e-002, -7.15897791e-003,
       1.18742377e-001, -1.34293441e-004, -1.90708991e-002,
       -6.27671950e-004, -4.41272045e-003, -2.00936384e-003,
       -2.63113044e-002, -1.44055234e-002, -1.82534126e-003,
       -7.11805606e-003, -5.39299771e-002, -9.93214455e-003,
       1.99807305e-002, -5.09398384e-003, -5.99684678e-002,
       -1.26536405e-002, -9.80831124e-003, -9.11322143e-003,
       -7.83461407e-002, -3.41235497e-003, -2.34295763e-002,
       -4.89560366e-002, -2.22517401e-002, 5.55253495e-003,
       3.15355211e-001, -4.44912910e-003, -2.26073563e-002,
       -6.48672134e-003, -6.37875125e-002, 4.00446681e-003,
       3.22435737e-001, -5.65081909e-002, 2.28575412e-002,
       -1.30794309e-002, 8.99041742e-002, -1.89539567e-002,
       9.29800048e-002, -7.03331176e-003, 1.07014347e-002,
       -2.85748183e-003, -1.54369976e-002, -5.27914055e-002,
       1.27691805e-001, -1.39357278e-003, 2.43585370e-002,
       -3.02651781e-003, -1.79833570e-003, -4.66012396e-003,
       -2.62872390e-002, 3.84883815e-003, -1.85210630e-002,
       4.35660564e-004, 1.70484204e-002, 6.53264448e-002,
       -4.01919112e-002, -8.67034541e-004, 4.84911017e-002,
       1.25498429e-003, 3.16701038e-003, 5.42568369e-003,
       -5.21041788e-002, -3.78737779e-004, 1.13166850e-002,
       -8.62107053e-002, -6.53564781e-002, 2.26950496e-002,
       -3.08054119e-001, 2.63340250e-002, 2.53263046e-003,
       1.11677656e-002, 2.02207570e-003, -1.44128909e-003,
       4.76834215e-002, 1.38737693e-001, 4.54439111e-002,
       9.41402242e-002, -6.00150764e-001, 3.69073520e-003,
       2.90833949e-003, -5.51932445e-003, 4.27050807e-004,
       1.35101005e-003, -8.78852382e-002, 4.13614511e-003,
       2.20096539e-004, 8.25903658e-003, -7.10989311e-002,
       -1.80199817e-002, 3.37121263e-002, 1.11644265e-004,
       -3.08871400e-002, 1.29915392e-002, -4.49355488e-004,
       1.65848224e-003, 2.11394741e-003, -3.47210583e-003,
       -2.50000022e-002, -6.64871885e-003, 2.96924654e-002,
       3.70490598e-003, 5.59639977e-003, 2.54034717e-003,
       -7.56303780e-003, -1.40292232e-003, 3.54077602e-005,
       -8.35552718e-003, 3.56428884e-002, 6.13399455e-003,
       5.14334580e-003, -5.55340725e-004, -2.03894393e-004,
       -2.31040362e-003, 5.43166301e-004, 5.82733948e-004,
       2.35251943e-003, 3.10032105e-004, 6.77453208e-005,
       2.52114534e-002, -1.84357148e-002, 9.99665260e-003,
       1.24352460e-003, -3.34827462e-004, -6.37901016e-004,
       -1.97032243e-002, -8.51943344e-002, -4.62249713e-003,
       -9.71097127e-003, 4.62650787e-003, -1.11272551e-001,
       3.59896524e-003, 5.39500685e-003, 6.63040802e-002,
       1.26825264e-002, 2.25569791e-004, -8.33497732e-004,
       -3.96894611e-004, 3.94455565e-004, 3.73557233e-003,
       1.02890898e-002, 8.07275698e-002, 5.71572073e-002,
       1.72842803e-004, -1.27904315e-003, 5.03182178e-003,
       2.95958505e-003, 2.19975109e-003, -1.12565432e-003,
       1.05379091e-004, 6.52030343e-004, 1.15402475e-001,
       -6.68920949e-002, 2.14633010e-002, 3.51627097e-002,
       3.29788163e-004, -1.23320831e-004, -2.05987613e-004,
       6.77881180e-004, 1.26583520e-002, 1.00267399e-003,
       5.78856952e-002, -1.31770313e-001, 1.94567733e-003,
       2.13564448e-002, 3.46051604e-002, 6.55379891e-002,
       5.11438167e-003, 2.81968266e-002, 1.88118592e-003,
       3.66557911e-002, 2.30688397e-002, 6.31902292e-002,
       7.74959940e-003, 4.60109077e-002, 1.29727507e-003,
       1.88925471e-002, 3.20964050e-003, -6.99801184e-003,
       2.60316581e-003, -3.27271828e-003, -8.58701649e-004,
       1.06720335e-003, 1.19916335e-001, -6.67074844e-002,
       5.31863421e-004, 3.52339633e-002, 4.14860807e-003,
       -6.18249294e-004, -8.20805505e-003, -1.51995942e-003,
       1.54126750e-003, 2.07329243e-002, 2.60762066e-001,
       1.34193972e-002, 7.36646950e-002, -1.11268207e-001,
       -3.97740081e-002, -9.33865830e-003, 4.63642217e-002,
       1.42517667e-002, -3.06875887e-003, 2.34184694e-002,
       7.89406225e-002, 2.22716350e-002, -1.66454222e-002,
       -1.24872327e-001, -1.94425957e-004, 3.36148473e-003,
       1.07971309e-002, 2.70550773e-002, 1.04526253e-002,
       -1.14333749e-001, -1.11298515e-002, 3.42135259e-004,
       3.54202949e-002, -7.72275403e-002, -9.42661799e-003,
       -1.58952549e-002, 1.22143272e-002, 6.16969867e-003,
       -3.69429518e-003, -2.07218155e-003, 2.62837880e-003,
       2.63518300e-002, 4.49784808e-002, -3.87219563e-002,
       -2.60653463e-003, 5.82122570e-003, -1.03050144e-002,
       -2.41134688e-002, 3.79538187e-003, -6.73999253e-004,
       -3.09326337e-003, -1.88038393e-003, 2.20091082e-002,
       -5.01920283e-003, 4.65857890e-003, 8.83701071e-003,
       2.67425959e-004, 2.95563252e-003, 5.94388148e-005,
       -9.26088833e-005, 2.17527515e-004, -1.11733908e-002,
       -4.85722814e-003, 1.98469427e-003, 4.48096357e-002,
       -8.60850513e-002, 2.87548378e-002, 9.14186519e-003,
       -1.00731013e-004, -1.38501811e-003, 3.78175117e-002,
       -4.22525592e-002, 7.72345671e-003, 7.77353570e-002,
       8.02908242e-002, -1.20172871e-003, 2.01467890e-002,
       -3.25045735e-002, 6.71946676e-003, -2.45711766e-003,
       7.02112855e-004, -2.32267528e-004, 1.24165812e-003,
       1.10394496e-003, 4.81202267e-003, -3.61917214e-003,
       -3.42280092e-003, 2.09286176e-002, 4.76163055e-004,
       -6.16037578e-004, 7.60309817e-003, 9.07326769e-003,
       -4.72763437e-004, -3.82343531e-002, -5.19793131e-004,
       -1.86624111e-005, 9.07091200e-002, -2.91952819e-001,
       2.46196743e-002, 9.40643325e-002, -3.04142683e-004,
       -1.02713061e-002, 7.95142550e-004, -1.58061180e-002,
       1.42059829e-002, 7.25254938e-002, 1.11980058e-001,
       -2.46826619e-001, 2.71987705e-003, 1.85330417e-002,
       -2.44744997e-002, -2.57927068e-002, 1.10633997e-003,
       9.10265651e-003, -6.18987950e-004, 2.13022754e-002,
       -3.32992338e-003, 2.67624650e-002, -1.16432959e-004,
       1.48318605e-002, -4.88310005e-004, 3.44581157e-002,
       1.42611016e-003, 3.48143256e-003, -1.93961635e-002,
       1.06805540e-003, -1.12711859e-003, -4.64416062e-003,
       3.03071894e-004, 4.84305024e-002, -4.65337565e-004,
       -7.51349190e-003, -6.75556296e-003, -2.96099521e-002,
       -8.53046216e-003, -8.66517276e-002, -9.48311295e-004,
       -3.05984542e-002, -2.13660672e-001, -1.43627292e-002,
       -1.93266988e-001, -8.31261575e-002, 3.42376009e-002,
       -9.89799425e-002, -2.32117064e-002, 3.99976745e-002,
       3.70500796e-003, -1.91703979e-002, -2.42650941e-001,
       6.22229762e-002, -7.20515745e-005, 1.50941774e-001,
       -5.35665173e-003, -1.20273512e-002, -2.15297053e-003,
       -9.05731022e-002, -5.54406829e-003, 3.91843244e-002,
       -1.28093315e-003, -4.01042216e-003, -8.12086649e-003,
       6.69709444e-002, -1.29125305e-002, 1.99601669e-002,
       -3.24507104e-003, 2.99952999e-002, -1.76573347e-003,
       -4.13620099e-003, -6.36430748e-004, -1.12318210e-002,
       -4.92736734e-002, -3.15106027e-002, -7.61949494e-002,
       -7.40586817e-002, -2.95627443e-003, -1.75207630e-002,
       -1.04561932e-002, -1.35700004e-002, -4.91977157e-003,
       -1.04225364e-005, 7.71106258e-002, -1.08496948e-004,
       -1.51784271e-002, -1.19959479e-002, -1.76411806e-004,
       -7.66232563e-003, -3.95778427e-003, 1.50575972e-004,
       -4.35721711e-004, -3.62688024e-003, 1.12377596e-003,
       -8.71178461e-004, 2.75612529e-002, -3.00067291e-003,
       1.36795174e-002, -4.25338279e-003, -1.45098416e-003,
       -1.63148846e-002, 4.32438888e-002, 2.95751765e-002,
       -1.00427922e-002, -5.91531545e-002, -7.52656069e-003,
       1.76647808e-002, -3.88656999e-003, -6.41477806e-003,
       1.53568432e-001, -1.12863975e-002, -2.65293376e-004,
       -3.07705137e-003, -2.70327833e-003, -1.34852587e-003,
       -6.82819216e-003, 1.19076157e-003, 3.22454870e-002,
       -8.06060247e-003, -1.93362846e-003, -5.23851113e-003,
       -9.20888223e-003, 2.35174340e-003, -9.12910386e-004,
       -3.92322708e-003, -1.54744776e-003, -2.08048685e-003,
       1.31247878e-001, 8.81362632e-002, 1.02410587e-002,
       1.31729143e-002, 2.58741388e-003, -4.24779160e-003,
       2.28523416e-003, -7.63090188e-003, -2.44177096e-002,
       -1.24208994e-001, 4.61913757e-002, -2.21840627e-002,
       -2.49862042e-003, -3.43158171e-002, 1.48954600e-001,
       -8.79157037e-002, -7.26504950e-004, 2.12673843e-002,
       -1.02246762e-003, -1.95254330e-002, 5.28498769e-001,
       -9.78436843e-002, 4.93224617e-003, -6.38065338e-002,
       -1.70609960e-003, -5.81629016e-002, -1.12334278e-003,
       -3.84961814e-002, 2.44856849e-002, -1.22815243e-003,
       -1.71571039e-002, -1.67575851e-003, 8.16442072e-002,
       -7.73302391e-002, -4.87019832e-004, -3.79960798e-002,
       1.00536970e-004, 1.70395928e-004, 1.38453837e-003,
       -1.07477047e-003, 2.01758742e-003, -1.28416205e-002,
       2.59809136e-001, 1.83842536e-002, 1.13627933e-001,
       -5.62015399e-002, 8.44035577e-003, -5.61886467e-002,
       7.46610388e-002, -1.17701646e-002, -6.51962648e-004,
       -2.18441300e-002, 8.92492309e-002, 7.89841339e-002,
       -4.50147428e-002, 1.34706497e-001, 4.31399979e-003,
       -3.88120767e-003, 1.32096466e-002, -1.46300448e-002,
       3.42186494e-003, -9.72041581e-003, -9.25359433e-004,
       1.31680164e-003, -4.89057600e-002, -7.32279569e-002,
       -5.20213209e-002, -1.17417248e-002, 1.22199366e-002,
       1.38233723e-002, 2.33297795e-003, 1.54006272e-003,
       -1.14196865e-003, -3.99420643e-003, 1.03588129e-004,
       -2.78100534e-003, -4.64454805e-003, -3.01703103e-002,
       -2.41092611e-002, -1.35569721e-002, -1.15364017e-002,
       -1.40303317e-002, -5.70322294e-003, -1.96118676e-003,
       3.18880714e-002, -1.60532892e-002, -3.50100584e-002,
       6.99779317e-002, -6.28914058e-005, -1.93760486e-003,
       -8.07376578e-004, 5.16352011e-003, -9.61324025e-004,
       -6.26834854e-003, 3.69999632e-002, 1.14543553e-004,
       2.36611161e-002, -7.14637935e-002, 1.29736699e-002,
       -1.11336485e-002, -4.47541330e-004, -7.81301223e-003,
       4.47067954e-002, 7.57019520e-002, -5.66110620e-003,
       1.05643921e-001, 1.72827598e-002, 1.68862849e-001,
       -3.03610275e-003, -2.42051426e-002, 1.18197380e-002,
       -8.00380763e-003, -8.54337937e-004, 6.96070725e-003,
       -3.27393925e-003, -1.15913397e-003, -4.73259686e-004,
       3.71823683e-002, -2.12021731e-003, -3.07898335e-002,
       -3.10454029e-003, 9.65118781e-003, -6.06666785e-003,
       1.70911988e-003, -4.19846410e-003, -3.08335405e-002,
       -1.49350229e-003, 2.45299283e-003, 2.84602437e-002,
       -3.42557058e-002, -1.42876692e-002, -1.82979554e-001,
       -1.99747458e-003, -1.19461613e-002, -2.31133448e-003,
       7.14673707e-003, -1.99879818e-002, -1.47820860e-001,
       7.02635944e-002, 1.82178795e-001, -5.92301507e-003,
       -1.20178327e-001, -2.67884582e-002, -3.09654768e-003,
       -2.84421607e-003, 8.77050683e-003, -1.26630126e-003,
       6.34378716e-002, -8.56659114e-002, 7.58009329e-002,
       -6.08650793e-004, -2.24080049e-002, -1.29541988e-003,
       3.72215435e-002, -6.56530203e-004, -3.77106597e-003,
       -1.03859119e-002, 5.03990464e-002, -7.20691693e-004,
       3.94966360e-003, -2.84457117e-001, -7.60061294e-002,
       -4.77387290e-003, -3.58456112e-002, -1.42067415e-003,
       1.70170423e-002, -1.21706037e-003, 9.74616632e-002,
       -4.93795285e-003, 1.11410161e-002, -1.24968804e-001,
       -9.06871706e-002, 2.06423074e-001, -2.19304971e-002,
       -1.81095358e-002, 4.15342972e-002, -3.06915026e-003,
       -5.52807841e-003, -5.75822778e-003, 8.93252436e-003,
       1.74492359e-001, 3.24804299e-002, 1.37317404e-001,
       1.12844370e-002, -3.26560368e-003, 9.84807685e-003,
       3.72565314e-002, 6.59276694e-002, -1.76554313e-004,
       5.09219058e-002, -2.29392201e-003, -3.83128505e-003,
       -1.19519206e-002, -2.45241486e-002, -2.28256191e-004,
       -1.03234306e-001, 2.64805881e-003, 6.50864169e-002,
       -5.37879765e-003, 2.41632224e-003, -1.37953321e-003,
       -2.91753095e-003, 2.69053993e-003, -1.92435514e-002,
       9.81783122e-002, -3.34942713e-002, -7.58647453e-003,
       -7.59040844e-003, 1.05533190e-003, 5.08871628e-003,
       -3.34156537e-003, -7.10036838e-004, 7.66198263e-002,
       -2.96758730e-002, -7.77946971e-003, -7.80662242e-003,
       -1.86532925e-004, -2.15716171e-003, -3.55851254e-004,
       -1.22901634e-003, -3.12323507e-004, 2.30466947e-003,
       9.31542739e-003, 2.48215074e-004, -3.98332775e-002,
       -2.37391256e-002, 2.16666562e-003, -3.34007246e-003,
       -5.39745553e-004, 4.57120128e-003, 1.26933567e-002,
       4.26417403e-003, -1.18829804e-002, -7.53921866e-002,
       -1.51701609e-003, -4.50742431e-002, -1.86340045e-003,
       -7.80125568e-003, -4.06196266e-002, -1.39161879e-002,
       -7.34217814e-004, -5.51463570e-003, -1.57425762e-003,
       -3.82794242e-004, -7.85083603e-003, -1.04782749e-002,
       -4.43355814e-002, -4.68923412e-002, -1.07149174e-003,
       -3.99226276e-003, -6.95272232e-004, -9.04474873e-004,
       -7.35828187e-004, -2.86945069e-005, -8.55165417e-004,
       -8.21285939e-004, -5.52473702e-002, -2.95065679e-002,
       -1.92265753e-002, -1.26713842e-001, -1.19559672e-002,
       1.88428233e-003, -1.14481873e-003, 4.13057255e-003,
       -2.33428851e-002, -1.18142135e-001, 6.00967854e-002,
       1.67139061e-002, 7.69444974e-003, -2.99484916e-002,
       -1.11790851e-001, -3.55870798e-002, -7.19984341e-003,
       -5.10930531e-002, -2.66971835e-003, -5.84336370e-002,
       2.42981203e-002, -3.12883444e-002, 1.27245840e-002,
       -4.69676703e-002, -2.79584434e-003, -6.02658130e-002,
       -2.01486796e-003, 5.15780225e-003, 6.39634021e-003,
       2.42403871e-003, -1.98735073e-002, -4.03795071e-004,
       2.31102914e-001, 1.42850578e-001, -4.73826751e-003,
       -8.62119533e-003, -2.09954586e-002, 3.95728828e-004,
       5.61333820e-002, 3.11864284e-003, -3.79838212e-003,
       -3.25882807e-003, -2.49548573e-002, 6.10222062e-003,
       1.65330879e-002, -5.20590283e-002, -1.35441229e-001,
       1.82644967e-002, 5.88687882e-002, 4.19072025e-002,
       -2.52834102e-003, -3.41368606e-003, -2.09193975e-001,
       2.34207162e-003, 9.36314687e-002, -2.41580382e-001,
       -3.18659609e-003, 5.35881962e-004, 8.15699473e-002,
       3.98533493e-002, 1.62984859e-002, 4.46980223e-002,
       1.20485853e-002, 4.66916710e-003, 9.45336372e-003,
       2.27653682e-001, -3.02569680e-002, 3.01380247e-001,
       7.16494722e-003, 5.99515401e-002, 2.19626464e-002,
       3.69233475e-003, -6.62901730e-004, 1.02529395e-002,
       1.60165504e-002, 5.75623754e-003, 1.28352167e-002,
       -4.14139777e-002, -1.98742189e-002, 1.85608082e-002,
       5.35626255e-004, 8.09254311e-003, -6.80544088e-003,
       2.44050417e-002, -5.98446131e-002, -2.36978102e-002,
       -1.02624996e-002, -1.24441013e-002, -6.47216861e-004,
       -5.07561548e-004, 7.08745385e-004, 2.14398466e-003,
       -6.74039475e-004, 9.33812279e-003, -1.46992598e-002,
       1.56594533e-003, 1.22294286e-002, 2.61184890e-002,
       -2.90050227e-002, -1.33805341e-004, -8.31485842e-004,
       9.84966289e-003, 3.61486077e-002, -1.35216238e-002,
       1.09299202e-003, 3.15867275e-001, 3.01010837e-003,
       1.37119457e-001, -3.32714245e-002, 4.84187854e-003,
       -5.16051166e-002, 5.83758904e-003, -4.74005974e-005,
       -6.83234597e-004, -2.97861965e-003, -7.69289501e-004,
       -3.37523073e-002, 3.97050418e-002, -2.72213146e-002,
       -3.11702676e-002, -2.82335654e-003, 3.99130471e-002,
       -2.52091777e-005, 9.88287758e-003, -3.53099499e-003,
       4.16920957e-004, -1.66499394e-003, -1.89661642e-003,
       5.87371811e-002, 1.05542973e-001, -1.50675699e-002,
       -1.14329187e-002, -2.63018487e-003, 1.32027571e-003,
       -1.21416454e-003, -2.73824129e-002, -8.31891969e-003,
       -1.68970630e-001, 3.33951190e-002, -1.32569075e-002,
       -1.02452952e-002, -9.91057903e-002, -2.39289515e-002,
       6.59998208e-002, -3.24090896e-003, -1.51179815e-002,
       -2.07504258e-003, 8.55421945e-002, -2.51077056e-001,
       3.03730764e-003, -5.25930373e-004, -5.10979369e-002,
       -1.44186150e-003, 2.48053037e-002, 1.68765115e-003,
       6.33406788e-002, 5.63227339e-003, 5.53989597e-002,
       2.06026924e-003, 3.00426222e-002, 1.59045875e-001,
       -2.35961913e-003, -2.30586715e-003, 4.76469733e-002,
       4.73039178e-003, -1.74605567e-002, 3.36170802e-003,
       -2.51419190e-002, -6.01452589e-003, -1.63988248e-002,
       -1.98898181e-001, 1.79954357e-002, 2.76388116e-002,
       -5.09768687e-002, 5.90539537e-002, -4.98963967e-002,
       4.14435565e-002, 8.09858665e-002, 3.18182888e-003,
       4.11211476e-002, 8.29389393e-002, 8.33879933e-002,
       1.38749138e-001, 2.09002331e-001, 3.59851110e-004,
       -8.83494504e-003, 2.58378703e-002, -6.91084862e-002,
       4.29671211e-003, -4.73103411e-002, 3.20176734e-003,
       4.40467428e-003, 1.53535837e-002, -3.59903462e-002,
       -1.01048476e-003, 5.29989675e-002, -2.35482821e-005,
       -5.56756780e-002, 2.33666264e-002, -2.81719113e-004,
       -3.26613989e-003, -6.08956534e-003, -5.75338304e-002,
       6.48756139e-003, -9.48701054e-003, -2.09509060e-002,
       1.71982730e-003, -8.86308867e-003, 6.57805009e-003,
       6.50010677e-003, 4.31077601e-003, 1.06197363e-003,
       -1.31372318e-001, -2.95327101e-002, -6.60386588e-003,
       -5.50387381e-003, -2.83235393e-004, 3.57152289e-003,
       -5.93164994e-004, -1.48875325e-003, 1.94628851e-003,
       -2.78769585e-004, 6.73454860e-003, -1.80469156e-004,
       1.95849817e-002, 3.08564287e-002, 1.02213565e-002,
       -8.10566591e-004, -1.50141947e-003, -6.62496313e-003,
       2.95494646e-002, 1.91374663e-002, -1.01072341e-002,
       -3.00932638e-002, -8.14420264e-003, -3.44949178e-002,
       2.68766098e-003, 2.54070316e-003, 6.20197430e-002,
       2.41404623e-002, 2.58158514e-004, 2.51437095e-003,
       3.73009383e-003, 5.65295864e-004, 8.26882489e-004,
       1.25884358e-002, 6.84937090e-002, 2.98553091e-002,
       1.70587783e-003, 1.09477551e-003, 8.80888663e-003,
       4.15158784e-003, 3.42591130e-003, 2.02531111e-003,
       1.49992551e-003, 8.90440191e-004, 3.07926014e-002,
       7.90037289e-002, -1.75944716e-002, 8.98025651e-003,
       1.20540159e-002, 2.81058531e-003, 1.36783591e-003,
       1.09838846e-003, -1.93474386e-002, -9.50390622e-002,
       -9.95875821e-002, -2.56147841e-003, 5.15832100e-003,
       7.27766333e-003, 1.25142997e-002, -2.05221549e-002,
       3.73139232e-003, 2.63907555e-002, -5.28954435e-004,
       -1.05211688e-002, -4.62284148e-001, -2.91073993e-002,
       7.38881249e-003, 2.39007268e-002, 8.02697905e-004,
       -3.13238837e-002, -7.84840900e-003, -4.37967256e-002,
       1.12094395e-002, 1.55692440e-004, -1.58163905e-002,
       8.33746162e-004, -4.71524566e-001, -8.51321779e-003,
       -6.44946424e-003, 1.30419657e-002, -5.67979831e-003,
       1.73037720e-003, -9.73951444e-003, 6.15666446e-004,
       -3.89345712e-003, 1.44630587e-002, 5.08408435e-002,
       1.37553826e-001, 1.34595796e-001, -1.77774772e-001,
       -9.30065438e-002, -4.55355011e-002, 2.71445084e-002,
       1.44688059e-002, -3.29553848e-004, 2.12616045e-002,
       -5.12612276e-002, 6.98589459e-002, -8.50736946e-002,
       -6.77193999e-002, -3.45201814e-003, 2.48348294e-003,
       -3.62583087e-003, 1.56353321e-002, -2.14057555e-003,
       -1.59894153e-001, 1.25706533e-003, 6.16965350e-003,
       1.04477787e-002, -3.42417434e-002, -1.62521787e-002,
       9.24774632e-002, -4.96437680e-003, -3.48712243e-002,
       1.01212608e-002, 2.09807511e-003, -2.65123032e-004,
       2.94942665e-003, -1.80925261e-002, 4.10920233e-002,
       3.18009080e-003, -7.29162665e-003, -1.41030997e-002,
       -6.79964060e-003, 5.81653742e-003, 9.74603649e-003,
       6.05846616e-003, 1.18109910e-002, -2.10161600e-002,
       8.85692518e-003, -1.96554754e-002, 2.76712012e-002,
       2.31648912e-004, 2.08422029e-003, 5.16888802e-004,
       -1.44190863e-002, 1.66322489e-003, 2.14492017e-003,
       1.53834454e-003, 5.67965792e-004, -6.37777057e-003,
       -1.25156213e-002, 1.08988415e-002, -1.87049352e-003,
       9.59728932e-005, 5.18855173e-003, 4.59062420e-002,
       5.96527867e-002, -8.19071662e-003, 1.64339676e-001,
       4.58294824e-002, 2.50857383e-001, 2.21326221e-002,
       -6.03510737e-002, -1.81752462e-002, -2.99718371e-003,
       2.56339833e-003, 4.77590438e-005, 7.57080223e-003,
       2.08283216e-003, 1.64566934e-002, 5.39732873e-002,
       4.93898406e-004, -4.18202765e-003, 3.49093881e-003,
       8.98457970e-003, 1.06567033e-002, 7.68685574e-003,
       2.84935720e-003, -2.88410690e-002, 1.35688169e-003,
       1.76226236e-002, 1.32893994e-002, -1.17555879e-001,
       -2.01267120e-003, -8.83017480e-002, 3.04534333e-003,
       9.51678376e-004, 2.55200383e-003, 2.21232120e-002,
       -2.40792707e-003, -2.56608371e-002, 4.09795418e-002,
       1.24820687e-001, 1.15948671e-003, -5.02903312e-002,
       -1.67481415e-002, -7.66733214e-002, 3.38630402e-003,
       1.89814065e-002, 8.66752584e-004, 1.47196725e-002,
       2.92035993e-002, 4.87204380e-002, 6.12279517e-004,
       5.48487157e-002, 1.87752524e-003, 4.30651521e-003,
       3.50614340e-004, 7.58847594e-003, 2.41949479e-003,
       8.55042189e-002, 3.86719970e-004, 5.81912557e-003,
       -1.47469223e-001, -2.43301559e-002, 1.44470250e-003,
       -3.71126011e-002, -2.29359115e-003, -1.00479759e-002,
       -5.82197495e-003, 9.88852307e-002, 2.80305929e-003,
       -2.22305581e-002, -2.32230484e-001, 1.93218086e-002,
       1.01483561e-001, -1.28416091e-001, 6.69833738e-003,
       7.38078030e-003, -3.34878005e-002, 6.86688945e-002,
       2.67432537e-003, -1.51793463e-002, 1.01382948e-001,
       -6.65610805e-002, -1.90197192e-002, -6.05922425e-003,
       -4.26924601e-003, -1.00650918e-002, -3.60666625e-002,
       -2.76769008e-002, -3.69203975e-003, 1.53319743e-002,
       -7.49687140e-004, 1.24735379e-004, -1.05540873e-002,
       -3.04987039e-002, 1.31316120e-002, -3.25873494e-002,
       2.86233379e-003, 7.81327933e-002, 4.41529835e-003,
       -1.25984219e-003, 1.44078082e-003, 9.76705269e-005,
       5.80313317e-002, 1.80564206e-002, -3.25578116e-002,
       -6.79375827e-002, -3.06564063e-004, -2.18451212e-004,
       -6.24470459e-003, -9.96734388e-003, 1.91688992e-003,
       -6.59294310e-005, -1.71812147e-001, -1.28668934e-001,
       1.18265832e-002, 3.94824054e-003, 3.40548140e-004,
       5.15879248e-004, 1.87158445e-003, 1.04708466e-004,
       -3.05772875e-004, -3.97906732e-003, -8.04719608e-003,
       -1.21273403e-003, -4.15151566e-003, 1.10104633e-002,
       -1.35890357e-002, 2.27914518e-003, 8.12012516e-003,
       -5.93551015e-003, 1.15801878e-001, 9.27802697e-002,
       -6.24811184e-003, -1.32395141e-002, -2.63706576e-002,
       -1.80141740e-002, 1.03947967e-002, 4.76567278e-004,
       -1.59037784e-002, -9.76867508e-003, -5.10408019e-004,
       2.32833321e-003, 1.74342713e-003, -1.85069686e-004,
       1.18726988e-004, -1.07908389e-002, -7.81545565e-002,
       -6.68085665e-002, -8.10135505e-004, 1.75469846e-003,
       -6.25273352e-003, -2.47008656e-003, -2.77856295e-003,
       -3.04047344e-003, 5.02249168e-004, -1.17512140e-003,
       -5.41637056e-002, 3.17967795e-002, -4.96700034e-003,
       -3.76179405e-002, 9.22166929e-003, -1.85683044e-003,
       3.74094304e-003, -2.13007955e-003, -3.25459638e-003,
       2.96240556e-003, -7.87699688e-003, 3.59339938e-002,
       -2.17486778e-003, 1.15037113e-002, 3.27982791e-002,
       7.32981265e-002, 5.32658829e-004, -2.52237339e-002,
       2.29731319e-003, 2.37847120e-002, -2.29400069e-001,
       9.71779004e-002, 1.52362278e-003, 1.06242271e-002,
       1.98433525e-003, 7.18515413e-003, 4.55677835e-003,
       2.76633278e-002, 1.87430866e-002, -6.31858769e-004,
       2.30698735e-002, -5.09053294e-004, 2.02853531e-001,
       -3.28869447e-002, 5.03316522e-003, -5.46639226e-003,
       -5.51856821e-003, 7.02401390e-004, 1.57925300e-002,
       1.16736605e-003, 2.81159277e-003, -3.96464951e-003,
       3.64781618e-001, 5.06735928e-002, -8.48144814e-002,
       1.85535818e-001, -1.37132751e-002, 3.72026600e-002,
       -3.51308063e-002, 2.91186776e-002, 3.96703463e-003,
       2.92527000e-003, -2.17264414e-001, -3.37051670e-003,
       -1.26739636e-001, 4.11880732e-001, -3.54094850e-003,
       8.63666995e-004, 2.00612620e-002, 3.75582986e-002,
       -1.46304937e-002, 7.84683973e-002, 6.87528308e-003,
       -1.96278747e-003, -1.78456828e-002, -2.95576066e-001,
       2.42318492e-002, 5.24029844e-002, -1.25470730e-002,
       6.93481695e-003, 5.67374006e-003, -4.28305939e-003,
       -1.36408024e-003, -3.39811258e-002, 4.73682620e-002,
       2.73932274e-002, -4.05600108e-003, -1.31781846e-002,
       -7.20733497e-003, -1.06212972e-002, -6.13543298e-003,
       -1.35351885e-002, 7.77035661e-004, -4.15650476e-003,
       -2.23114267e-002, 7.45092239e-003, -1.59054603e-002,
       4.51791734e-002, 8.94185971e-004, -3.49685084e-003,
       -1.52897206e-003, 1.58500187e-002, 1.63674168e-003,
       2.87370756e-003, 6.57500401e-002, -1.35454535e-003,
       2.79380474e-002, 4.68307175e-002, -8.82642344e-002,
       -6.61531230e-003, 7.34668865e-004, 9.28052980e-003,
       6.45280331e-002, 1.15829051e-001, 7.94180762e-003,
       -9.31957960e-002, -8.50813612e-002, -6.23482317e-002,
       -1.21229356e-002, 4.20535170e-002, -2.90747788e-002,
       -4.60237917e-003, -1.90119172e-004, 2.43118033e-002,
       -3.96798318e-003, -3.02207354e-003, -1.07720373e-002,
       -1.10137835e-002, -2.57671103e-002, -2.26408001e-002,
       -1.18681858e-003, 7.35308276e-003, -5.16564026e-003,
       -4.58575133e-003, -3.58331221e-004, 2.00156588e-002,
       -1.87491474e-004, 1.62713882e-003, -8.92608538e-002,
       2.23759878e-002, -1.09554138e-002, 2.15851516e-002,
       3.68469133e-004, 7.14818342e-003, -2.13640812e-003,
       2.17501558e-002, 1.22229708e-002, 1.15935221e-001,
       -1.06798545e-001, 7.13856369e-002, -4.31519374e-003,
       -4.07486111e-002, -4.79606166e-003, 3.98396216e-002,
       -8.16256972e-004, -1.45414833e-003, -5.19641209e-004,
       9.67468321e-003, -5.40730394e-002, 5.11379093e-002,
       -2.64942617e-004, -6.99392706e-002, 6.11563562e-004,
       2.94405199e-003, 2.03082385e-003, -2.55383961e-002,
       4.05106246e-002, 7.63003230e-002, -8.07437682e-005,
       -3.34697440e-002, -2.77598444e-002, -1.38334194e-002,
       4.21088189e-005, -3.54691222e-002, 8.32763966e-003,
       -3.63733321e-002, 7.67977489e-003, -6.73083812e-002,
       -1.31692574e-003, -2.51792818e-002, -7.06146434e-002,
       1.15579538e-001, 1.92713812e-001, -4.60328072e-001,
       5.13275340e-002, 6.99934885e-002, 1.91498566e-002,
       -3.38669904e-002, 7.85808638e-003, -1.02461070e-001,
       6.35204315e-002, -2.40052883e-002, 8.40506703e-003,
       9.36891139e-002, 7.56404595e-004, -1.60923339e-002,
       2.00550957e-003, -1.50268897e-001, 1.91875938e-002,
       -3.84239480e-002, -1.07858249e-003, 8.62411410e-003,
       1.26810512e-002, -2.49130763e-002, 6.21648040e-003,
       -4.98902015e-002, -3.59857513e-004, -7.91454837e-002,
       -1.52142560e-002, 5.64582599e-003, 2.22321344e-003,
       1.54035666e-003, 6.34235702e-003, 2.05222610e-002,
       1.09578915e-001, 1.45061156e-002, -4.05539788e-004,
       1.53512973e-002, 2.33492255e-002, 3.25302742e-002,
       8.49079527e-003, 2.18339919e-005, 2.07912922e-002,
       -3.22414339e-002, 8.35012551e-003, 1.23287272e-003,
       1.13832019e-003, 1.39543805e-002, -7.22350320e-004,
       -1.83227443e-004, 2.19958089e-003, 3.26123764e-003,
       -4.76960500e-004, 1.84610207e-003, -4.44236957e-002,
       -2.03510169e-002, -2.44924147e-003, -4.41755960e-003,
       -3.07290815e-003, -1.13128573e-002, -1.82454828e-002,
       5.34085147e-002, 2.88199866e-003, -1.42517518e-002,
       -1.12308543e-002, 1.34092927e-001, 1.11445300e-002,
       -4.62988799e-004, 1.40620470e-001, 9.61078505e-004,
       -3.63208179e-004, 5.94084663e-003, 1.19535616e-002,
       2.11211111e-004, 6.70701545e-003, -3.07583134e-003,
       7.17670694e-002, -6.44104602e-003, 4.51488653e-003,
       5.85317984e-003, 2.41029561e-002, -1.33273879e-003,
       2.79636355e-003, 1.34549346e-002, 2.32485894e-004,
       1.81503012e-003, -7.25265220e-002, 3.92011553e-002,
       -9.41048469e-003, -1.48241714e-001, -6.98834471e-003,
       -4.99368971e-003, -5.90420002e-003, 1.32798580e-002,
       4.29061567e-003, 5.27412668e-002, -6.97772801e-002,
       1.60395384e-001, -1.18271750e-003, 1.30465478e-002,
       1.56431556e-001, -2.17589852e-003, -3.68361408e-003,
       -4.43402492e-002, 4.05976461e-004, -7.14902952e-002,
       2.34861642e-001, 8.24667141e-002, 7.25473417e-003,
       1.87200662e-002, -5.63489040e-004, -4.54436010e-003,
       -2.63696467e-003, -1.68482177e-002, -3.13519426e-002,
       4.17277589e-003, 9.56098363e-003, -6.68958237e-005,
       -1.98108658e-001, 1.49854630e-001, 4.02413495e-003,
       1.17827184e-003, -1.98941808e-002, 1.07364042e-003,
       -3.64404917e-002, -5.30199753e-003, -4.13899776e-004,
       -7.87340291e-003, 1.77832655e-004, 7.56109282e-002,
       -6.13075830e-002, 1.04562402e-001, 8.81021619e-002,
       7.94415846e-002, -5.51774688e-002, 2.84468662e-002,
       4.69838548e-003, -6.95113977e-003, -1.79221973e-001,
       -7.58098736e-002, -9.93865915e-003, -3.17191742e-002,
       -1.79101666e-003, -1.42683985e-003, 4.04814482e-002,
       2.63848319e-003, 1.24979280e-002, -2.15698704e-001,
       6.07472565e-003, 8.13676137e-003, 8.13415200e-002,
       1.52779698e-001, 1.69197842e-002, -3.17664593e-002,
       -7.67293153e-003, -7.58679658e-002, -5.75361308e-004,
       5.36706578e-003, 7.45966379e-003, 1.82911288e-002,
       -3.16114724e-002, -3.94831635e-002, 1.19161764e-002,
       2.41829380e-002, 3.36075341e-003, 3.27738933e-002,
       2.39275228e-002, 4.23918553e-002, 1.78282447e-002,
       3.84720229e-002, -2.55724564e-002, 1.57372355e-002,
       -1.29810106e-002, -4.97053415e-002, 5.66793489e-004,
       6.27078023e-003, 2.35645100e-003, -2.22759438e-003,
       1.44772907e-003, 6.00665947e-003, -3.12524959e-002,
       8.29392229e-004, -8.04450959e-002, -8.58652964e-003,
       6.38355315e-002, -1.57982914e-003, 2.78093939e-004,
       3.69526632e-003, -4.04279344e-002, -9.32012647e-002,
       -2.13750377e-002, -2.70434499e-001, 2.80558169e-002,
       -1.32837342e-002, -1.12329265e-002, 4.34982814e-002,
       2.34151389e-002, 3.63062648e-003, 3.94927291e-003,
       5.69708599e-003, 2.44245287e-002, 1.66142674e-003,
       -1.65497344e-002, -6.26561120e-002, 1.62572041e-002,
       -7.14617036e-003, 6.13049697e-003, 2.84230672e-002,
       1.74388643e-002, 1.71035156e-003, 1.31415715e-002,
       1.70071851e-002, 4.19407245e-003, 1.93200074e-002,
       1.02803379e-001, 4.34705280e-002, 3.50525044e-002,
       4.70661139e-003, 4.26631514e-003, 3.30023631e-003,
       1.09628495e-002, 2.52734739e-002, 2.94710454e-002,
       1.89093687e-002, 9.50665846e-002, -1.69626307e-002,
       4.61575575e-004, 5.73463999e-002, 1.53366476e-002,
       -7.27510899e-002, 7.58554041e-003, 8.10882542e-003,
       2.60021631e-003, -3.54308821e-002, -5.73396944e-002,
       -1.73171267e-001, 1.16115157e-003, -9.27975029e-002,
       3.45824915e-003, -2.05511190e-002, 2.06648628e-003,
       -9.77631751e-003, -1.74330676e-003, 1.34812240e-002,
       -2.52510747e-003, 2.00203676e-002, 8.49043876e-002,
       -1.24039449e-001, 6.68932626e-004, 1.12093985e-002,
       -8.77979095e-004, 1.00174481e-002, -1.17110871e-002,
       1.10323064e-001, 8.68777919e-004, -5.51336678e-003,
       9.33459550e-002, 3.13070929e-003, 5.95526583e-002,
       -9.12367329e-002, -2.05613989e-002, 8.43461379e-002,
       1.75933354e-002, 1.12587333e-001, -4.70545096e-003,
       4.81168814e-002, -1.05708301e-001, -1.37509912e-001,
       -1.76862061e-001, 1.19433992e-001, -8.94029532e-003,
       1.34972681e-003, 1.31606553e-002, 1.12309188e-001,
       -5.42107876e-003, -5.25738150e-002, -4.23913170e-003,
       2.74473988e-003, -3.20348330e-003, -1.68633908e-002,
       2.15960927e-002, 6.32836716e-003, 7.97864795e-003,
       7.27652689e-004, -1.49566575e-003, -2.11051651e-004,
       -2.39584199e-003, 1.52131375e-002, 4.68366072e-002,
       6.70481147e-003, -3.77306864e-002, 7.59186177e-003,
       -5.14909066e-003, 1.04517990e-003, -8.29937402e-003,
       -2.46459828e-003, -5.90145448e-003, 2.15874310e-003,
       -9.96544361e-002, -4.23986241e-002, 4.79642441e-003,
       -1.11892046e-002, -1.23273395e-003, -3.91670549e-003,
       -2.94125220e-003, -1.71442027e-003, -5.90405369e-004,
       -5.53163882e-005, 3.55064450e-003, 6.62357837e-004,
       -1.85878314e-002, -5.51924147e-002, -1.66474450e-002,
       -3.80032021e-003, 4.60881833e-003, 2.51299120e-004,
       5.72151430e-002, 1.10403113e-002, 7.93044642e-003,
       2.31447630e-002, -1.39117083e-002, 9.62183923e-002,
       -1.51638256e-003, -3.70012945e-003, 1.19212441e-001,
       -3.00263762e-002, -2.96839338e-004, -8.08502827e-003,
       -8.76238383e-003, -1.79791031e-003, 2.18751491e-003,
       -1.96021050e-002, -1.99934375e-002, -8.90312064e-003,
       -2.74808030e-003, -2.73133605e-003, -1.50165828e-002,
       3.27339629e-003, -4.46897745e-003, -5.94858406e-003,
       9.49681795e-004, -3.44514789e-004, 7.04631507e-002,
       -9.58720744e-002, -2.33814633e-003, -1.16347246e-001,
       -1.14302794e-002, 3.72141041e-003, -4.30813665e-003,
       4.52373875e-003, 8.97975359e-003, 1.40744179e-001,
       9.09345821e-002, -1.13031015e-001, 6.19112700e-003,
       -2.02672668e-002, 1.43092975e-001, -1.14808954e-001,
       -2.36510206e-003, 2.07881890e-002, -1.87207677e-003,
       -3.40832360e-002, -1.14893176e-001, -6.34550676e-002,
       -3.98297329e-003, -1.13528639e-001, -2.45583663e-003,
       5.55260740e-002, 1.45883765e-004, 1.73389297e-002,
       -5.41319698e-003, 3.05740070e-003, 1.36904065e-002,
       -3.19947652e-003, -1.21807051e-003, -2.05494553e-001,
       -4.43896325e-003, -3.54744345e-002, -1.28044728e-002,
       2.97082384e-004, -9.78279486e-003, -1.31808431e-003,
       -9.74341203e-003, -5.09730391e-002, 1.45193964e-001,
       -1.36059389e-001, 1.25899091e-001, 6.05516545e-002,
       1.22175932e-001, 3.22501212e-002, -3.77637409e-002,
       -7.40653975e-003, 3.32801044e-003, -7.00668083e-004,
       9.11044404e-002, -8.61674249e-002, 1.54769152e-001,
       -3.55200022e-001, -7.49249477e-003, -7.10368017e-003,
       7.46253505e-002, -4.11320059e-003, 1.44807398e-002,
       9.74562019e-002, -4.53687785e-003, -2.45805015e-003,
       8.04586429e-003, -1.30245015e-001, -3.81560922e-002,
       2.28336930e-001, -4.76731919e-003, 1.90720744e-002,
       -8.79819877e-003, -2.35994696e-003, -2.31215707e-003,
       -6.50739158e-003, 2.31339671e-002, 2.54005902e-002,
       -4.02732799e-003, 2.02124864e-002, 1.08044185e-002,
       8.61531347e-002, -6.79753302e-003, -6.24742731e-003,
       -1.02838185e-002, 2.33670343e-002, -1.27788410e-002,
       -9.50799230e-003, 1.42214475e-002, -2.01964006e-002,
       -2.65758805e-004, -4.17102408e-003, -2.29808781e-003,
       -5.44671854e-003, 2.08313880e-003, 1.27580585e-002,
       3.65193300e-002, 3.66350519e-004, -9.40566976e-003,
       -3.00477277e-002, -3.44835222e-002, -1.02581270e-002,
       -7.54319655e-004, 1.42527716e-002, 7.65346363e-002,
       2.27731392e-002, -1.92903262e-002, -5.13289496e-002,
       -1.36090042e-002, 3.39807682e-002, 9.79176909e-003,
       6.53566197e-002, 2.72212587e-002, -6.32108701e-003,
       3.80972563e-003, -2.90528312e-002, -1.54274674e-002,
       -2.10477598e-003, -5.88385388e-003, -4.51690443e-002,
       -2.24192198e-002, -2.71987561e-002, -4.53156931e-003,
       -1.66516304e-002, -1.46517726e-002, 3.78140510e-004,
       -3.96069093e-003, 3.73672955e-002, -1.67221262e-003,
       3.24615696e-003, 3.86476628e-002, 5.85166663e-002,
       -1.11251073e-002, -3.30283552e-001, -2.61555659e-003,
       4.54245415e-003, -3.33530968e-003, -2.28346623e-002,
       -1.68507230e-002, 1.38277352e-001, 5.38009740e-002,
       -6.48017898e-002, 1.23305130e-003, 1.53091475e-001,
       2.15743799e-002, 6.67940229e-002, -2.11685314e-003,
       5.92830181e-002, -4.67157108e-004, -1.20609701e-002,
       -7.86468666e-003, 5.84543534e-002, 3.95995739e-004,
       -2.14267164e-001, -3.34995752e-003, 7.20653385e-002,
       -4.08504065e-003, -2.05726214e-002, 7.14668166e-003,
       1.08227849e-001, -4.55974741e-003, 1.43828047e-002,
       1.36929452e-001, 3.42845358e-002, -1.35770091e-003,
       -5.53985238e-002, 7.24030426e-003, 1.25117516e-002,
       5.85206458e-003, 3.22176665e-001, 5.07569732e-003,
       -3.64486352e-002, 9.84732658e-002, -9.46941152e-002,
       2.64208410e-002, 4.29335535e-002, -3.39657627e-002,
       3.82442176e-002, -5.02517307e-003, 9.80304182e-002,
       -1.11106103e-002, -4.23629358e-002, 1.53527036e-001,
       2.76841391e-002, 2.90916920e-001, -2.26681322e-001,
       -1.92259613e-003, -1.19464807e-002, 3.00626121e-002,
       1.44528583e-001, 7.36097526e-003, 3.26410905e-002,
       -6.56528911e-003, 6.42738165e-003, 3.43531510e-003,
       5.50581738e-002, 1.57275312e-002, 5.63149340e-003,
       -2.80892150e-003, 5.43577373e-002, -2.03828774e-002,
       1.51529594e-003, -1.41897146e-003, -2.82075023e-003,
       -9.22262743e-002, 2.33246274e-002, -6.72845170e-002,
       -2.17954367e-002, -4.54189163e-003, 2.82739149e-003,
       2.35579442e-003, 9.95092001e-003, 1.89867651e-003,
       -5.13888517e-006, -2.06337031e-002, -2.17754785e-002,
       -7.51720741e-003, -5.64729935e-003, -1.53730405e-004,
       3.52746760e-003, -1.24963792e-003, -4.56503592e-003,
       -3.11442447e-004, -3.41518666e-003, -1.12513443e-002,
       -7.32026703e-004, -3.69889364e-002, 4.08591554e-002,
       -1.55062089e-002, -7.23929890e-003, 1.43310218e-003,
       2.28680987e-002, 4.12686095e-002, 1.87547561e-002,
       6.46174839e-003, -4.51940857e-002, -1.12857483e-002,
       8.97546485e-003, -4.22760670e-004, -6.59848051e-003,
       -4.84439470e-002, -4.94060256e-002, -8.17033462e-004,
       3.55315232e-003, -6.12746459e-003, -1.27780763e-003,
       2.74243625e-003, -1.74684860e-002, -1.17034696e-001,
       -4.65511046e-002, 1.07404694e-003, 3.04467021e-003,
       -2.53510167e-004, 4.06993087e-003, -5.01068076e-003,
       2.20194715e-003, -1.55227887e-003, 1.86903263e-003,
       -1.63840488e-001, 1.96087092e-001, -3.86410020e-002,
       4.01435718e-002, -1.33590577e-002, 8.70571751e-003,
       -5.88595308e-003, 2.72154459e-003, -7.65573885e-003,
       6.87001124e-002, -2.34370068e-001, 9.02063474e-002,
       -1.18733412e-002, -2.30490044e-002, -7.51584023e-002,
       -1.00799188e-001, -1.25760278e-002, 7.37025728e-003,
       -5.71269495e-003, -4.36891578e-002, 2.64464021e-001,
       -9.13801044e-002, -1.80275738e-002, -1.37715802e-001,
       -5.82145574e-003, -1.05150780e-002, -1.24780694e-002,
       -5.32764681e-002, 2.61186045e-002, -2.91897159e-004,
       -2.00569108e-002, -4.36372682e-003, -2.35434547e-001,
       4.79274914e-002, -1.77904777e-002, -7.00864345e-002,
       -1.11623695e-002, -1.11957127e-003, 1.22815957e-002,
       -1.50333787e-003, -1.18913474e-002, -7.69638419e-002,
       1.29933760e-001, -1.76658094e-001, 5.49303554e-002,
       2.90990043e-002, -4.88289818e-002, -1.93994883e-002,
       -7.98091944e-003, 2.05453485e-002, -1.62195470e-002,
       -1.47975013e-002, 1.70853119e-002, 4.99875890e-003,
       3.32079493e-002, -9.21941698e-002, -1.04540028e-003,
       -7.58535694e-003, -1.09067172e-001, 1.08735831e-002,
       -1.07320547e-002, 3.84093858e-002, -1.35788112e-003,
       6.16890704e-003, -1.70466932e-003, -9.33592618e-002,
       8.13769400e-002, -1.30439535e-001, -4.72113490e-003,
       -2.94744782e-003, -7.27772200e-003, -9.91895143e-003,
       -1.43013021e-003, -3.75249572e-002, -5.77211641e-002,
       5.18397801e-002, -6.02028158e-004, 1.79358777e-002,
       -2.79905042e-003, -1.35182189e-002, -1.82086194e-003,
       7.53460312e-003, 6.73523545e-003, 2.66045965e-002,
       1.10780157e-003, 1.06561510e-002, -4.10774257e-003,
       1.97136793e-002, 4.40543918e-005, -4.76399902e-003,
       -3.23419692e-004, 1.06095728e-002, 2.21926548e-005,
       2.56136316e-003, -1.57873482e-002, -2.62564933e-003,
       -9.78513062e-002, 1.28632993e-001, -9.60959494e-002,
       -1.81273390e-002, -3.40095052e-004, 1.37900095e-002,
       7.60413846e-003, 1.78722385e-002, 3.47826513e-003,
       1.33463424e-002, -8.85311794e-003, 5.37082255e-002,
       -1.34742949e-002, -2.34029740e-002, -1.18809100e-002,
       -2.12574098e-002, 1.06453593e-003, 1.51822930e-002,
       -1.81911443e-003, -3.93436663e-003, -1.22489976e-002,
       -3.49558406e-002, 1.12056639e-002, -5.23137068e-003,
       6.67014217e-004, -1.68140652e-003, -1.61486082e-002,
       2.62374710e-003, 2.89745629e-003, 6.11511543e-002,
       1.48043886e-003, 3.39258648e-002, -3.87975723e-002,
       4.66565229e-002, -6.82167662e-003, 3.58857103e-002,
       -1.55818198e-004, 2.03911811e-002, 4.41327924e-003,
       4.05591913e-002, -6.30022353e-003, 1.72930703e-001,
       -3.93257253e-002, 1.40135154e-001, -2.63852999e-005,
       1.10767163e-001, -2.06200797e-002, -2.79038697e-002,
       2.63965456e-004, 2.25368347e-002, -1.19271128e-004,
       -3.07879858e-002, -1.19130634e-001, 7.35385939e-002,
       2.37057116e-004, -1.15247862e-002, 3.90962319e-004,
       -2.53210533e-002, -7.45021179e-003, -1.68316960e-002,
       7.49448081e-003, 1.87072352e-001, -7.46283564e-004,
       1.42259086e-002, -6.56589586e-003, -2.93363445e-002,
       -3.72331380e-003, -2.09669508e-002, 5.96868154e-003,
       -1.93526980e-003, 3.99640948e-003, 2.43373752e-001,
       6.01929473e-003, -1.80012733e-002, -1.87907275e-002,
       -5.40106930e-002, 7.97783650e-005, -1.34599864e-001,
       8.52163136e-003, 5.00797201e-003, -3.29775847e-002,
       1.26319811e-001, 5.88616473e-004, -2.28241272e-002,
       -1.28339514e-001, 3.70286144e-002, -2.19943091e-001,
       1.43601835e-001, -7.50258379e-003, -6.50991220e-003,
       -7.26585044e-004, 1.31133348e-001, -3.71075119e-003,
       2.03690007e-002, -3.59868677e-003, 1.21585699e-002,
       -1.39196487e-002, 2.27078306e-003, -3.01881431e-004,
       1.06891990e-002, -1.83272525e-003, 2.69957352e-002,
       8.92842747e-003, 5.32709574e-003, 6.13625627e-003,
       -8.24325066e-003, -9.02676210e-003, -9.69764497e-003,
       -8.19781646e-002, -3.07064764e-002, -3.33990180e-003,
       -6.61989441e-003, -9.13802010e-004, -3.74666532e-004,
       4.88350587e-003, -9.13952128e-004, -4.76519726e-002,
       -4.78890836e-002, -2.01252755e-002, 3.13383830e-003,
       -1.97112723e-003, 1.16918201e-003, 3.20162857e-004,
       3.04383039e-003, -7.47326179e-004, 3.22420103e-003,
       -9.56171192e-003, 3.33506986e-003, -1.26656452e-002,
       -2.48781350e-002, 2.65075490e-002, 9.27066547e-004,
       1.42261537e-003, -4.02538385e-003, 1.58479065e-002,
       4.29168753e-002, 2.03875941e-003, -3.09813973e-002,
       6.22843066e-003, 1.12303942e-001, -4.00448963e-003,
       -2.14838888e-003, 1.71824880e-002, -6.38440857e-003,
       7.21850549e-004, -2.93322548e-004, -6.34869374e-003,
       -5.38635650e-004, -6.45265798e-004, 1.18447188e-002,
       -2.43422557e-002, 3.09637059e-002, 1.07898563e-003,
       7.19038816e-003, -1.43138366e-002, 1.25986682e-002,
       1.61515817e-003, 1.54796173e-003, -4.77032037e-004,
       1.99185545e-003, -4.89275493e-002, -1.23581491e-001,
       3.85755002e-002, 4.53693271e-002, -1.53571519e-003,
       9.81111173e-003, 8.11987650e-003, 6.88504986e-003,
       -1.34527672e-003, 6.86837137e-002, 2.85588726e-002,
       -6.28645793e-002, 3.78707470e-003, -3.16265225e-002,
       8.21986869e-002, -5.95595017e-002, -4.19704989e-003,
       -4.46769968e-002, 9.88855376e-004, 2.45808624e-002,
       -8.22218508e-002, 2.29448825e-003, -1.22913579e-002,
       -2.24945936e-002, -2.08451669e-003, -1.39921869e-003,
       4.52077296e-003, 4.71300036e-002, -1.01363137e-002,
       9.82827507e-003, 3.57085885e-003, -2.24001613e-003,
       2.48728059e-002, -5.61468117e-003, -5.52423205e-003,
       -4.02701534e-002, -2.57057557e-003, 1.18316885e-003,
       2.82114707e-002, 5.45286480e-003, -2.57956068e-004,
       -2.39560325e-002, 1.89837217e-001, -1.63460016e-001,
       6.40101135e-002, -5.16643040e-002, 6.70800805e-002,
       4.42467211e-003, -6.39834721e-003, 3.25142108e-002,
       -2.93272489e-004, 8.49434547e-003, 2.70267949e-002,
       1.30660916e-002, 9.96271074e-002, -1.46245405e-001,
       -1.73678773e-003, -2.49719829e-003, -8.54244572e-004,
       1.11788847e-002, -7.68476911e-003, -8.93224180e-002,
       2.68923808e-002, 8.60728789e-003, -4.30942923e-002,
       7.58050308e-002, -4.66478377e-004, -1.66711509e-001,
       9.46515880e-004, -1.07230735e-003, 8.81872792e-003,
       2.74314545e-003, -6.64209074e-004, -1.11823054e-002,
       -1.27591481e-002, -3.19340974e-002, -2.18230137e-003,
       -7.88224488e-003, 9.20462422e-003, -4.13828865e-002,
       -5.38665475e-003, -2.67146877e-003, 1.19344816e-002,
       1.31058451e-002, -1.44211734e-002, -1.59586174e-003,
       1.58202052e-002, -1.86491441e-002, 5.25631302e-004,
       4.26379993e-005, 3.62915872e-003, 2.24330765e-003,
       -6.72861061e-004, -4.22777521e-004, -4.74035554e-003,
       -4.35394002e-004, 5.03186099e-002, 7.62881190e-002,
       -3.72006632e-002, 1.53310259e-003, -1.00150704e-004,
       -4.66312841e-003, 5.20156920e-002, 7.05239177e-002,
       -4.60129650e-003, 2.39347871e-002, -6.99058399e-002,
       -7.72013515e-002, 3.28572758e-004, -1.96847394e-002,
       4.66517638e-003, 9.74484661e-004, -2.47133285e-005,
       4.14648140e-003, -2.78581143e-003, -1.50932255e-003,
       4.20563971e-004, 3.96026522e-002, -4.90911189e-004,
       2.79748254e-002, 2.30911491e-003, 6.83440194e-002,
       -1.16470568e-002, 3.29646701e-003, 4.06291010e-003,
       3.33030783e-002, 1.98912993e-003, 2.21627485e-002,
       -5.95689565e-002, -1.38117999e-001, -5.61509281e-003,
       4.02583599e-001, -2.12582905e-004, 3.74866510e-003,
       1.80754298e-003, 8.06031376e-002, 9.99586191e-004,
       -3.91634583e-001, -7.89144933e-002, 1.13796284e-002,
       1.41550449e-003, -2.10666191e-003, 1.59021560e-002,
       -1.22616835e-001, 1.69682771e-003, -4.09107395e-002,
       1.79538992e-003, 5.04029728e-002, 4.90564518e-002,
       -1.95554703e-001, -1.93096814e-004, 2.34964550e-001,
       8.37054395e-004, -4.83864546e-002, 2.58520572e-003,
       6.66585937e-002 ]
