%YAML:1.0
PCAS_vec: !!opencv-matrix
   rows: 10
   cols: 256
   dt: f
   data: [ 2.76434189e-003, 1.70335695e-001, 0., 3.78761590e-001,
       -5.07997209e-003, -1.63632184e-002, -1.52412755e-003,
       -7.12140724e-002, 3.14367679e-003, 7.11992607e-002,
       3.42047866e-003, 1.66774556e-001, -5.65572700e-004,
       -3.84522006e-002, -1.31952824e-004, -4.33705281e-003,
       1.32062333e-002, -1.02837838e-001, 3.23637505e-005,
       -1.75808668e-002, -1.04381405e-002, 7.17347208e-003,
       -2.04652664e-003, 9.32597145e-002, 1.40263988e-002,
       5.90699667e-004, 1.06968114e-003, -1.46895543e-001,
       -7.74979824e-003, 1.72282904e-002, 0., 2.32123546e-002,
       1.28582784e-003, -3.53646316e-002, 1.60955396e-002,
       6.04769103e-002, -3.85191338e-003, -2.18654778e-002,
       4.78380872e-003, -9.87111554e-002, 7.53389858e-003,
       8.12604055e-002, 1.70729995e-001, -5.55487291e-004,
       4.31369338e-003, -1.74570261e-004, 5.47292875e-003,
       -3.63467000e-002, -1.20235849e-002, -1.36630870e-002,
       -5.54831407e-004, -1.02303680e-002, -9.13219620e-003,
       -3.76099795e-002, 2.15746881e-003, -2.96088457e-002,
       -1.41139524e-002, -3.64959426e-002, -8.86798929e-003,
       -3.40926670e-003, -3.23444582e-003, -1.36889532e-001,
       -1.14463340e-003, -4.28727223e-003, 2.93660481e-002,
       3.53919342e-002, 2.13618167e-002, 2.36958638e-003,
       1.80108417e-002, -9.92717296e-002, 3.59420246e-003,
       -3.25607508e-003, 4.60067677e-004, 9.22348425e-002,
       5.32054864e-002, -1.88690219e-002, -4.33206442e-005,
       -4.24582250e-002, 4.69379546e-003, -4.67809476e-003,
       8.87796190e-003, -3.80244834e-004, 1.02557773e-002,
       -7.78353191e-004, 1.86488533e-003, -8.58971197e-003,
       -1.82777215e-002, -6.22436889e-002, -1.96512381e-004,
       -7.62873329e-003, -1.80502664e-002, -8.87525082e-003,
       2.44054405e-004, -3.30895856e-002, -3.47861499e-002,
       -1.32829288e-003, 3.13000567e-002, -3.41072399e-003,
       2.63225113e-004, -1.11038651e-004, 3.07771266e-002,
       -4.35055792e-002, 5.04207611e-003, -4.30132113e-002,
       2.23641302e-002, 2.27672583e-003, 3.52059491e-003,
       3.66442138e-003, 4.56953794e-003, -4.19115298e-004,
       1.56855036e-003, -2.99490988e-002, 2.89910310e-003,
       -4.98778326e-003, 8.24820017e-005, -5.46221696e-002,
       2.12350544e-002, 2.65686940e-002, -2.96534796e-004,
       -6.71819076e-002, -2.68051066e-002, -6.65081963e-002,
       1.06637808e-003, -1.28010279e-002, 5.34011109e-004,
       -8.34122151e-002, 5.63152207e-005, -2.55084108e-003,
       -1.13958931e-002, -1.16797807e-002, 1.55996578e-003,
       1.04628205e-002, -5.00191487e-002, -2.84010265e-002,
       2.00986001e-003, -1.76248565e-001, -2.26555835e-003,
       -1.16845324e-004, 3.28660104e-003, -7.79980933e-003,
       1.40764844e-003, -1.22081243e-001, 4.05076612e-003,
       -1.58539787e-002, 2.60411948e-002, -1.03091329e-001,
       7.08349762e-005, 2.43263338e-002, 7.26774856e-002,
       1.54018283e-001, 1.62387211e-002, 5.70028186e-001,
       1.20446198e-002, 6.63133711e-002, 5.18023176e-003,
       1.48706371e-003, 9.45901405e-003, 1.96258441e-001,
       7.39846937e-003, 9.86159816e-002, -1.79157651e-003,
       -1.17206700e-001, -8.25382583e-003, -5.66850789e-003,
       -8.64961185e-003, -2.61068903e-002, -7.66011304e-004,
       -3.67586501e-002, 7.55478046e-004, -5.00885472e-002,
       9.56394058e-003, -1.44991800e-002, 2.68652826e-003,
       -2.71943212e-002, 1.28576439e-002, -8.69064126e-003,
       4.03557962e-004, -1.50021689e-003, 6.55160891e-003,
       -1.10072635e-001, 3.17627052e-003, 6.17176201e-003,
       4.65439586e-003, 1.29107550e-001, 4.98736277e-004,
       -6.24802778e-004, 1.01272529e-002, -4.04209308e-002,
       3.66183254e-003, -2.27198750e-002, 1.09520042e-002,
       5.68485595e-002, 9.22316127e-003, -3.08227204e-002,
       -6.34230953e-003, -1.95037876e-003, -9.94626549e-004,
       -4.52118479e-002, -1.89243555e-002, -3.52990627e-002,
       -5.91512246e-004, -1.10577503e-002, -3.20665538e-002,
       -7.29509220e-002, 0., -1.53721897e-002, -7.12662982e-003,
       -3.45314667e-002, 5.07219834e-003, -7.26984963e-002,
       1.51608360e-003, -6.11279334e-004, 1.77006181e-002,
       3.05804852e-002, 7.42157316e-003, -2.88493442e-003,
       -1.39510405e-004, -9.16235596e-002, -2.19050286e-004,
       1.13101734e-003, 4.20588767e-004, 1.26893464e-002,
       -7.29667628e-003, 7.65705365e-004, -7.21628661e-004,
       -1.86127014e-002, -6.86142710e-004, -3.27949971e-002,
       1.51860919e-002, -3.21910717e-002, -1.75370765e-003,
       -4.81766388e-002, -1.15352729e-003, -1.01353589e-003,
       -7.74509565e-004, -4.18794304e-002, 0., -1.71026133e-003,
       5.15213876e-004, -6.79472089e-002, 8.38259235e-004,
       -1.30930226e-002, 8.91339267e-004, -1.29004121e-001,
       7.02038184e-002, 1.25892222e-001, -1.71440588e-005,
       4.05902229e-002, -1.59957260e-003, -6.47144839e-002,
       3.80893075e-003, -4.61652642e-003, 2.61110794e-002,
       2.89873164e-002, 1.29336713e-005, 6.32908707e-003,
       -1.78361277e-003, -1.15080141e-001, 0., 1.43389627e-002,
       -9.92441736e-003, -3.39517370e-002, 7.59522663e-003,
       2.74574995e-001, 3.76322959e-003, 2.09869165e-002,
       5.43285860e-003, -6.34439513e-002, -4.01452387e-004,
       -1.26702134e-002, 1.12166000e-003, -1.56011386e-002,
       -4.15809453e-002, -7.98947513e-002, 2.93768564e-004,
       2.76660342e-002, 2.20697932e-002, -3.70715931e-002,
       8.24113376e-003, 5.50959110e-002, -5.53434305e-002,
       -9.99572407e-003, -1.08963042e-003, -2.25283444e-001,
       1.12446183e-002, 8.90524313e-002, 0., 5.36270021e-003,
       -2.16421229e-003, -9.64016020e-002, 1.34848598e-002,
       3.73147591e-003, -9.50435642e-003, -6.74672872e-002,
       7.45416339e-003, 9.28038452e-003, -3.06169293e-003,
       -7.56074190e-002, -4.09556273e-003, 8.27035494e-003,
       -8.91119649e-004, -2.05990998e-003, 5.43814292e-003,
       -3.72051522e-002, -6.66513517e-002, -2.31884755e-002,
       9.72783775e-004, 3.13737504e-002, -9.94644407e-003,
       -3.41007523e-002, 6.34324038e-003, 3.55585329e-002,
       -1.01192132e-001, -3.06250397e-002, 1.44261001e-002,
       5.25969686e-003, -1.21896770e-002, 1.98952466e-001,
       3.86524317e-003, -2.04707589e-003, 2.82515306e-003,
       -5.45670092e-003, 5.67768840e-003, 3.88165843e-003,
       1.17109865e-002, 5.94653338e-002, 6.13632752e-003,
       7.15349335e-004, 9.16459394e-005, 2.88210399e-002,
       -1.07987933e-001, -6.21828325e-002, -2.23840834e-004,
       7.67120123e-002, 5.96807746e-004, -2.00449349e-003,
       -6.93858776e-004, -2.58272095e-003, 3.91044142e-003,
       2.09633537e-004, 8.64470669e-004, 1.10174920e-002,
       2.70298077e-003, 8.62581953e-002, -2.40505394e-003,
       7.62260426e-003, 7.06788599e-002, 2.48148404e-002,
       -5.17110806e-004, 7.38870800e-002, -3.33254524e-002,
       7.71670311e-004, -1.79270760e-003, -9.89096705e-003,
       -9.42288971e-005, -1.03562830e-004, -5.57051913e-004,
       -2.92369314e-002, -2.43970033e-004, -1.31058348e-002,
       8.72764067e-005, 4.24437458e-003, 1.43835286e-003,
       8.16087064e-004, 2.18166341e-003, -2.26871250e-003,
       1.08212477e-003, -3.21343765e-002, -2.48703151e-003,
       -5.57469297e-003, -1.82815653e-004, 2.50660013e-002,
       8.95713980e-004, 2.03600600e-002, 1.58099167e-003,
       4.90779094e-002, -2.38066792e-001, 4.25410569e-002,
       -1.14959292e-002, -3.60541022e-003, 6.48786488e-004,
       1.12251192e-001, 7.74479122e-004, 5.89731988e-003,
       -2.27191392e-002, 2.06700582e-002, -5.92153578e-004,
       1.47161190e-003, -1.74656734e-001, -1.28785983e-001,
       2.13167872e-002, 4.59899634e-001, 2.02449355e-002,
       5.96433179e-003, 7.20463973e-003, -2.11958471e-003,
       -9.77147254e-004, 1.56731173e-001, 2.66165379e-003,
       2.77532674e-002, 1.01711601e-002, -8.99883583e-002,
       3.44649365e-004, -2.77579855e-002, 8.55297875e-003,
       -5.07622659e-002, 1.43190185e-002, 1.87730342e-001,
       2.64182072e-002, 4.37976123e-004, 3.31640616e-003,
       -1.44197822e-001, -7.47846905e-004, 7.53135309e-002,
       5.54231112e-004, 3.27616259e-002, -1.01865744e-002,
       -4.61267568e-002, 1.50334984e-002, -1.21167796e-002,
       -4.11010580e-003, -1.43954709e-001, 1.09875780e-002,
       -1.73109725e-001, -1.40374880e-002, 2.36327872e-002,
       2.45747389e-003, -1.13512790e-002, -1.48907697e-004,
       4.58239727e-002, 2.12508570e-002, -3.26581374e-002,
       -1.20360986e-003, 1.10542122e-003, 2.84846593e-003,
       2.89489757e-002, 3.76739330e-003, -5.96018806e-002,
       6.20819768e-003, -2.48030759e-002, -3.38378851e-003,
       2.67585879e-003, 6.20919513e-003, -1.00299134e-003,
       2.20067706e-003, 2.90815741e-001, 6.50041644e-003,
       -6.50359783e-003, 4.55764681e-002, 5.05740494e-002,
       8.31706170e-003, 4.34913998e-003, -4.39284518e-002,
       -1.55575544e-001, 1.67270657e-002, -1.59964629e-003,
       1.88039837e-003, 2.51391605e-002, -2.17265054e-003,
       -3.27971056e-002, 0., -2.87983846e-003, 1.16152801e-002,
       4.62568831e-003, 6.01883698e-003, 5.00403531e-002,
       4.12183767e-003, -7.18767708e-003, 8.92731734e-003,
       -6.31254259e-003, -4.48851800e-003, 2.13979930e-001,
       -1.70504383e-003, 1.70711800e-002, 1.13449548e-003,
       1.11510966e-003, 1.83955649e-006, -1.16944946e-002,
       1.22275399e-002, -5.55379374e-004, 2.29871762e-003,
       -5.62817454e-002, 1.18637935e-003, -4.78993170e-002,
       1.93949067e-003, -1.08298123e-001, -5.14057116e-004,
       -5.81737841e-003, 7.82429148e-003, 5.15976688e-003,
       5.12981415e-003, -1.38330646e-002, 0., -1.10023329e-002,
       1.15667214e-003, -1.16256304e-001, -7.68302634e-005,
       9.38663632e-003, 2.02008500e-003, 2.60683633e-002,
       -6.44825259e-003, -1.89086050e-002, -1.73153041e-003,
       -2.35519800e-002, -2.22834423e-002, 2.00982261e-002,
       4.19372460e-003, -9.63268615e-003, -1.70665758e-003,
       -9.63814650e-003, 2.38612149e-004, -1.89657498e-003,
       -1.47036125e-003, 7.66872615e-002, 0., -2.90065438e-001,
       -5.42104617e-003, 8.87606144e-002, -1.48886713e-004,
       1.65616408e-001, 2.06553075e-003, -3.26110162e-002,
       5.25735971e-003, 1.29245788e-001, -1.07753789e-003,
       -3.62285748e-002, -4.30868822e-004, 1.99434012e-002,
       -4.37390357e-002, -7.15281144e-002, 3.66748514e-004,
       7.59171173e-002, 5.46725132e-002, 3.99711132e-002,
       4.09687124e-003, 1.32918924e-001, -6.60808459e-002,
       -4.01426619e-003, -1.28213305e-003, -1.80229217e-001,
       6.22260477e-003, 2.60246247e-002, 0., 1.92742422e-002,
       -2.58665974e-003, 1.11219779e-001, -1.83517335e-003,
       1.91700812e-002, -1.21967085e-002, 3.93368788e-002,
       3.29918228e-003, 9.92845967e-002, 2.54523312e-003,
       2.93144048e-003, -7.77175277e-002, 3.16871628e-002,
       -9.21279716e-004, 2.39406386e-003, -5.13693783e-003,
       1.59506183e-002, -9.96410400e-002, -4.52268645e-002,
       2.81836255e-003, -2.13040877e-002, -2.27435455e-002,
       3.67755517e-002, 1.40732841e-003, -1.29247373e-002,
       -7.04415962e-002, -1.01225987e-001, 9.28136148e-003,
       -9.37863719e-003, -1.06381048e-002, -1.88283268e-002,
       -2.05258932e-003, -8.98478646e-003, 2.38415040e-002,
       8.08136538e-002, 1.15642250e-002, -3.03494278e-003,
       1.07157873e-002, 7.25651383e-002, -7.21822819e-003,
       -3.13476729e-003, -5.54106431e-004, 4.61584851e-002,
       7.42198825e-002, 7.97867179e-002, -9.18713777e-005,
       -2.35071518e-002, -7.37896189e-003, -3.89815844e-003,
       8.34126305e-003, 6.75731897e-003, -3.15511925e-003,
       -1.91984334e-004, 5.80416201e-003, 8.39955285e-002,
       -2.69121900e-002, -8.62682536e-002, -2.37925048e-003,
       -1.81196928e-002, -1.77112576e-002, -2.17121132e-002,
       -5.16568136e-004, 6.87639639e-002, -5.54593205e-002,
       -3.30034294e-003, 2.33408138e-002, 1.85019616e-002,
       -1.11857348e-003, 5.97903039e-003, -6.32780464e-003,
       -2.59369146e-002, 2.98656733e-003, -3.16922665e-002,
       7.44251255e-003, 3.97411059e-004, 1.63297413e-003,
       1.55820036e-002, -2.48495326e-003, 5.35724568e-004,
       -4.47209633e-004, -1.70904174e-002, 3.98023985e-003,
       6.36049313e-003, 1.34281348e-003, -1.09781146e-001,
       1.65610556e-002, 1.10069029e-001, 5.38096623e-003,
       7.06440881e-002, -1.66664615e-001, -1.64086193e-001,
       -1.07745212e-002, -4.32525873e-002, 7.99954496e-003,
       8.54666680e-002, 5.12520317e-004, -6.25477312e-003,
       -6.60713809e-003, 1.42883267e-002, 2.18205732e-005,
       2.85878382e-003, -1.26997277e-001, -9.84013975e-002,
       7.96237320e-004, -4.12393659e-001, 1.90690886e-002,
       5.18935500e-003, 1.07870912e-002, 3.22682224e-002,
       6.82735071e-003, -1.95734069e-001, 2.08524405e-003,
       2.56361235e-002, 7.75285363e-002, -4.06859927e-002,
       1.70362275e-003, 5.74821047e-002, 6.93681166e-002,
       -1.13509327e-001, 2.75410488e-002, -1.49468482e-001,
       5.90019561e-002, -2.19343267e-002, 9.56233125e-003,
       -7.32603744e-002, 1.51075134e-002, 2.72684634e-001,
       8.02192837e-003, -1.86570510e-002, -7.26667466e-003,
       1.40538383e-002, 1.16731651e-004, 3.62365618e-002,
       -6.31820336e-002, -2.18884632e-001, -2.10660440e-003,
       9.32305679e-002, 3.45723517e-003, 1.07060321e-001,
       3.02203447e-002, 3.62362489e-002, 2.47194767e-002,
       -4.52271523e-003, 1.60756856e-002, 3.56369019e-002,
       -1.77772215e-003, 1.02651760e-003, 1.88920100e-003,
       8.05567428e-002, -2.91025825e-002, -8.59346464e-002,
       2.46856431e-003, 2.84113940e-002, 3.51208006e-003,
       5.60152065e-003, 5.50338626e-003, -2.79320981e-002,
       1.66912824e-002, 6.56156167e-002, -4.10599168e-003,
       3.61815398e-003, 3.26304995e-002, 1.67770404e-002,
       -3.89163266e-003, -3.35189397e-003, -5.75392991e-002,
       -6.97052106e-002, -3.56058702e-002, -7.23074377e-002,
       1.50749797e-003, 6.33003712e-002, 8.03218037e-002,
       6.01731353e-002, 0., -1.03680184e-002, 7.77478039e-004,
       5.55141754e-002, 1.09273689e-002, 2.40578912e-002,
       2.16302043e-003, 1.29716573e-002, 3.30025144e-002,
       -2.43455395e-002, -1.49153434e-002, -8.35224912e-002,
       6.14127144e-004, 1.25095323e-001, 2.42908578e-003,
       8.72145756e-004, 2.80126405e-004, 8.82724002e-002,
       -6.57796906e-003, -3.19812936e-003, -1.18437782e-003,
       -8.08452535e-003, 8.18012631e-004, 2.45122947e-002,
       -5.16541395e-003, -5.69451377e-002, 1.26688730e-003,
       -6.13375418e-002, 6.21663732e-003, 9.21727903e-003,
       5.35831973e-003, 6.80361614e-002, 0., -3.73144721e-004,
       1.54542469e-003, -3.69153470e-002, 1.09043927e-003,
       1.96392275e-002, 1.58220576e-003, 1.36763323e-002,
       -1.72988512e-002, -6.63831979e-002, -6.95906230e-004,
       8.43252316e-002, -4.26283292e-003, 2.47999411e-002,
       7.68637692e-004, 1.18642431e-002, 1.70783908e-003,
       7.76445940e-002, 3.45920940e-004, -4.05026274e-003,
       -3.20786785e-004, -1.84791446e-001, 0., -3.98863144e-002,
       5.44386823e-003, -3.63959260e-002, -7.30508356e-004,
       5.77997155e-002, 3.97945615e-003, 2.41384376e-002,
       2.05974304e-003, -2.70137429e-001, -6.90066256e-004,
       3.74264829e-002, 1.89870771e-004, 5.42715937e-002,
       -2.07624100e-002, -7.85914138e-002, 2.28795735e-003,
       1.66651040e-001, 1.66023411e-002, -2.67579663e-003,
       -5.69904782e-003, -8.41409117e-002, -5.51577145e-003,
       2.50977539e-002, 9.14384332e-003, -1.75557993e-002,
       5.39231906e-003, -5.68197109e-002, 0., -1.79247558e-002,
       4.31426987e-003, -1.07977249e-001, 4.37040217e-002,
       1.36154696e-001, 1.05575696e-002, -1.38613777e-002,
       7.62971444e-003, -8.58307034e-002, 1.79652348e-002,
       -6.04542578e-003, 1.11554980e-001, 1.45768421e-002,
       5.46279084e-003, 1.69861764e-002, 4.05622739e-003,
       -4.48573641e-002, 6.16514161e-002, 9.98146906e-002,
       1.56154076e-003, 5.04532550e-003, 2.56623514e-002,
       -6.56993389e-002, 1.33425565e-004, -2.97117550e-002,
       7.06009418e-002, 1.50363952e-001, 5.84623106e-002,
       -1.93774249e-004, 1.90278795e-002, -1.07990101e-001,
       -4.99614980e-004, -3.52154411e-002, 7.65976831e-002,
       8.15249383e-002, 2.93419026e-002, 3.07578198e-003,
       4.28950116e-002, -4.24006730e-002, 1.80003755e-002,
       8.74961074e-003, -1.81851792e-003, 2.32365280e-001,
       -2.39100203e-001, -1.76690415e-001, 2.99598440e-004,
       3.16864774e-002, 6.12524245e-003, 8.56463984e-003,
       1.44134266e-002, 1.07835829e-002, 1.62080824e-002,
       7.20929960e-003, 8.15774128e-003, 2.28910074e-002,
       -8.57389942e-002, -1.20682694e-001, 1.76943454e-003,
       1.10282386e-002, 9.03739408e-002, 1.53041389e-002,
       6.32442418e-004, -3.78068425e-002, -1.25403002e-001,
       -1.74942275e-003, 1.02118760e-001, -9.16732766e-004,
       3.48121719e-003, -9.12977150e-004, 1.78429838e-002,
       -4.09767590e-002, 1.15337782e-002, -1.53655307e-002,
       3.82452905e-002, -4.60441411e-003, 1.17490282e-002,
       5.70294389e-004, 1.90343044e-003, 1.48685405e-003,
       6.37709303e-003, -1.06131006e-002, 1.35990782e-002,
       -4.56962362e-003, 2.38813506e-003, -6.69930801e-002,
       7.72061870e-002, 6.52087629e-002, 1.53959766e-002,
       6.20749891e-002, 2.09290132e-001, -3.01166233e-002,
       1.25001352e-002, 4.49107662e-002, 1.46093285e-002,
       8.04942921e-002, 2.18407437e-003, 9.27739404e-003,
       1.03487046e-002, -9.51110106e-003, 7.06247892e-003,
       1.75256226e-002, 1.28411755e-001, 1.04902694e-002,
       -9.51236021e-003, -1.04097441e-001, 1.00479899e-002,
       -2.87952437e-003, 3.83713003e-003, -1.42059233e-002,
       2.40765535e-003, -7.92612657e-002, 7.28765689e-003,
       1.40524488e-002, -4.26158280e-004, -1.48055777e-001,
       1.41935801e-004, -2.40354408e-002, 1.17215469e-001,
       -1.25247464e-001, 5.42442575e-002, -9.16846916e-002,
       2.85389717e-003, -2.77300049e-002, 4.70114592e-003,
       -2.27205902e-001, 3.81740145e-002, 2.47544423e-002,
       1.01765860e-002, -8.81475434e-002, 8.28020740e-003,
       -3.89084779e-002, 2.98775602e-002, 3.08632944e-002,
       2.67276913e-002, 1.97761580e-001, 1.20886648e-002,
       8.82370323e-002, 3.59191857e-002, -2.43613012e-002,
       1.65761150e-002, -4.53440696e-002, 1.25235189e-002,
       5.09720296e-002, 1.68499313e-002, -3.46874036e-002,
       1.42888370e-004, 6.22594263e-003, -1.86953752e-003,
       -4.63831872e-002, 1.17615862e-002, -1.89496219e-001,
       -3.67699284e-003, -2.76515875e-002, 7.21495040e-003,
       3.69846565e-003, 1.55867019e-004, -3.71384174e-002,
       3.60785946e-002, 3.07498407e-002, 7.41548045e-003,
       -1.12082824e-001, 2.83911228e-002, 1.90041270e-002,
       2.95733642e-002, 1.36096438e-003, 8.87171626e-002,
       -5.52212149e-002, 3.25103439e-002, -5.56170121e-002,
       -1.73448806e-003, 5.50975874e-002, -1.16610445e-001,
       -1.86681896e-001, 0., 1.94301195e-002, 1.87828336e-002,
       4.51479778e-002, 2.24282164e-002, -2.51736101e-002,
       8.67628772e-003, 5.33093773e-002, 5.71440384e-002,
       2.13379730e-002, -3.35514881e-002, -2.86578909e-002,
       -1.10417418e-003, -8.23510066e-002, 2.46461481e-003,
       -2.01679976e-003, 1.58359332e-003, 2.89894324e-002,
       -3.81266214e-002, 5.00956899e-004, 3.22130974e-004,
       -4.24170904e-002, -6.43349136e-004, -2.86426749e-002,
       2.99016479e-002, -2.68134493e-002, 2.98122206e-004,
       1.77199673e-002, 2.71715084e-003, 6.69036934e-004,
       1.17145665e-003, -9.57514793e-002, 0., 1.09900059e-002,
       7.02029048e-003, -1.29426733e-001, 2.50862865e-003,
       6.29414385e-003, -1.93780940e-003, 2.50910148e-002,
       4.11754921e-002, -4.69503459e-003, 6.34000311e-003,
       1.25996202e-001, 2.34967601e-002, -2.57935412e-002,
       -7.70405680e-003, -4.62852389e-004, 4.36213650e-002,
       3.44865024e-002, 1.85178907e-003, 3.52459028e-003,
       5.44599863e-003, -2.71464195e-002, 0., 1.93497147e-002,
       -6.44242682e-005, -1.02899380e-001, 4.15236643e-003,
       -1.29606709e-001, 2.12704577e-003, 8.20235759e-002,
       8.36569071e-003, 9.35359113e-003, 9.29390837e-004,
       -6.02833228e-003, 3.97655647e-004, -2.09483169e-002,
       -6.49393499e-002, -2.74269227e-002, 8.78252438e-004,
       -7.43801445e-002, 3.60845439e-002, 3.23021458e-003,
       7.88061041e-003, 2.01004118e-001, -1.70735177e-002,
       9.39409062e-003, 2.89226649e-003, -9.45345014e-002,
       8.39688070e-003, 2.00148877e-002, 0., 2.33105216e-002,
       -2.11975363e-004, -5.77847660e-002, 1.80511009e-002,
       8.09669867e-002, -3.20577854e-003, -6.01027682e-002,
       3.39888409e-003, -6.24133833e-003, 2.75978167e-002,
       1.57037109e-001, 1.30437791e-001, -1.70192420e-002,
       4.51943511e-003, -7.59362197e-003, 1.31784019e-003,
       1.10648982e-002, -3.58755477e-002, -5.34623154e-002,
       -9.05515859e-004, 7.81807699e-004, 7.54530716e-004,
       -4.87760566e-002, -2.89075095e-002, 3.65460739e-002,
       -4.83318418e-002, -5.54486103e-002, -1.68334637e-002,
       1.13672868e-003, -1.27247092e-003, -9.69844982e-002,
       -1.94111522e-002, 1.06676547e-002, 1.34899482e-001,
       9.15520936e-002, 4.57651056e-002, -5.48374420e-003,
       6.85331924e-003, -3.59410420e-002, 2.28419174e-002,
       -5.71318157e-003, 2.28494057e-003, 3.24427903e-001,
       4.84320335e-002, -1.20183276e-002, -2.57620908e-004,
       1.92197924e-003, 1.89278051e-002, 1.27434370e-003,
       3.74867059e-002, -2.86861113e-003, 1.58456806e-002,
       3.13349557e-003, 1.06946044e-002, -7.78913796e-002,
       -5.89272939e-002, -6.11553006e-002, -7.85392011e-004,
       -2.48101237e-003, 1.71909314e-002, -3.33125936e-003,
       -1.22239476e-003, -1.51755586e-002, -7.08927959e-003,
       7.93628162e-004, 1.51568696e-001, -8.95677600e-003,
       1.67697947e-003, -9.31172632e-004, 4.62177768e-002,
       3.30501646e-002, 2.21662428e-002, 3.33173424e-002,
       7.71367252e-002, 3.43327381e-004, 1.33330012e-002,
       1.45646762e-002, 6.91649388e-004, -8.43430345e-004,
       6.49713911e-003, 2.11692583e-002, 1.51633276e-002,
       2.32858397e-003, 1.70595397e-003, 4.00599539e-002,
       8.98803398e-002, -5.54793477e-002, 5.89009374e-003,
       -9.78830606e-002, -9.88586098e-002, 5.49696200e-002,
       -9.18952376e-003, -3.47547675e-003, 8.04052595e-003,
       -8.22403356e-002, 1.18192146e-003, -3.60139981e-002,
       -1.85760241e-002, 1.51544306e-002, 9.77619644e-003,
       9.19204485e-003, -1.16724737e-001, -8.56570825e-002,
       1.07291490e-002, 7.72948042e-002, 1.01515129e-002,
       5.13796578e-004, 1.70290098e-002, -5.57403779e-004,
       -3.80570139e-003, 1.03606947e-001, 7.71480752e-003,
       -1.01179639e-002, 3.64824980e-002, 7.97493663e-003,
       -3.38991522e-004, -1.76474571e-001, 1.27906337e-001,
       -4.01352234e-002, 7.13187605e-002, -2.83790499e-001,
       4.27769870e-002, -3.00248358e-002, 1.39921019e-002,
       -8.89888965e-003, 4.76128794e-002, -3.50898951e-001,
       2.45698579e-002, 9.14239883e-003, -3.82984453e-003,
       -8.28714482e-003, -4.20888449e-004, -3.75482067e-002,
       6.25952752e-003, -2.61842549e-001, -6.16352726e-003,
       -8.88777077e-002, 9.76575445e-003, -3.53202336e-002,
       2.46736743e-002, -2.23005982e-003, 4.98680025e-003,
       -3.96502577e-003, 1.47744464e-002, -1.36937741e-002,
       -4.05440712e-003, -6.40996150e-004, 4.09676181e-003,
       2.54486827e-003, 1.86279994e-002, 1.20719954e-001,
       -3.35027687e-002, 1.63516223e-001, -5.65157691e-003,
       -1.88119151e-003, -6.81491150e-003, 3.64941023e-002,
       2.32281741e-002, -9.88605618e-002, -3.19362059e-002,
       4.87582050e-002, 5.53412028e-002, 8.58551729e-003,
       6.60246834e-002, 8.48152791e-004, -5.32263704e-002,
       -8.44503939e-002, 1.64497141e-002, 3.86307202e-002,
       4.60896787e-004, -4.78670327e-003, 6.66645020e-002,
       5.26149310e-002, 0., -2.98149381e-002, -1.00045493e-002,
       -3.12558785e-002, 1.87882502e-002, 1.46292266e-003,
       3.26308841e-003, -3.67323458e-002, 7.49025494e-002,
       -3.06055485e-003, 4.54852805e-002, -2.36749187e-001,
       4.23646532e-004, -2.57860813e-002, -2.30017817e-003,
       -1.34103885e-003, 2.11087847e-003, -2.43945904e-002,
       -3.54736038e-002, -2.63489829e-003, -5.87634713e-005,
       9.96881537e-003, -7.99633679e-004, 1.20559046e-002,
       3.82024050e-002, -1.95857044e-002, 1.77718326e-003,
       -2.74454318e-002, 1.25750888e-003, -2.46575358e-003,
       2.44143698e-003, 1.33957993e-002, 0., -4.67705354e-003,
       4.99023870e-003, 2.98230033e-002, 4.39567305e-003,
       7.59440649e-004, -4.58285678e-003, -4.33348976e-002,
       1.68695152e-001, 3.17376293e-002, -1.04964850e-003,
       -4.78808396e-003, 9.89145483e-004, 1.74813892e-003,
       -3.17745656e-003, -5.32025937e-003, 9.41732600e-002,
       -6.48025051e-002, 1.01840228e-003, -2.40836549e-003,
       1.95987080e-003, -2.69272295e-003, 0., 5.65832332e-002,
       -2.82236766e-002, 1.57731548e-001, -6.04991382e-003,
       -3.47279161e-002, 5.01951016e-003, 2.07949784e-002,
       -1.92096655e-003, -4.96600382e-002, -3.04616336e-003,
       3.67782041e-002, -2.05178978e-004, -4.44679335e-002,
       2.25351810e-001, 1.03334621e-001, 4.24494065e-004,
       6.01248033e-002, -1.35931373e-002, 5.65423667e-002,
       -5.97568927e-003, -6.59216642e-002, 4.08886552e-001,
       1.73400610e-003, 1.10659301e-002, -6.15308955e-002,
       -3.18735614e-002, -6.17135018e-002, 0., -5.11631649e-003,
       -4.16427152e-003, 1.46355415e-002, 6.71317708e-003,
       2.24237684e-002, 3.61436931e-003, 4.01106253e-002,
       -2.97836168e-003, 3.02655306e-002, -2.72961799e-003,
       2.03404911e-002, 1.98923498e-002, -1.25609031e-002,
       -2.02089665e-003, -2.55781822e-002, 8.85006812e-005,
       -8.61149877e-002, 5.53903058e-002, -1.83513705e-002,
       9.13441938e-004, -8.84841941e-003, 8.42448138e-003,
       9.42931846e-002, 1.45141343e-002, -5.28707467e-002,
       -1.53951317e-001, -3.31520513e-002, 1.21384226e-002,
       -9.31285415e-003, -3.53209674e-002, -2.00031381e-002,
       9.86698829e-003, -3.82692404e-002, 2.37163343e-003,
       -3.09866574e-003, -2.78812321e-003, -4.74369386e-004,
       -2.05164962e-002, -4.03715558e-002, -1.20912995e-002,
       -2.79407389e-003, -1.03587320e-003, 4.47492376e-002,
       -1.26733407e-001, -5.29446006e-002, -5.54560684e-004,
       -2.68251970e-002, 5.42971119e-003, -1.45928012e-002,
       -4.36568633e-003, 2.03331816e-003, -8.21535476e-003,
       -1.07707605e-002, -2.50607287e-003, 7.64436880e-003,
       4.59478013e-002, 8.09501633e-002, -4.23201855e-004,
       2.84478609e-002, 3.08211930e-002, 2.15532091e-002,
       9.94471018e-004, -8.98436606e-002, 2.84521338e-002,
       -3.41282401e-004, 4.91116103e-003, -3.66533324e-002,
       -1.57878117e-003, -6.89795054e-003, 5.01978258e-003,
       -3.09509840e-002, -3.38592427e-003, 1.21767838e-002,
       8.76612868e-003, 5.28641837e-003, 8.47988669e-003,
       -1.20670106e-002, -9.93212961e-005, -4.98985732e-003,
       1.33372436e-004, -8.20115656e-002, -7.53263384e-003,
       -1.45781422e-002, -1.54090754e-003, 6.30117506e-002,
       6.38094638e-003, -3.96935940e-002, -5.40192937e-003,
       1.53790891e-001, -3.26096803e-001, 6.76290458e-003,
       1.10225077e-003, 5.38241537e-003, -4.53564571e-003,
       -1.09484978e-001, 3.83728388e-004, 2.34686825e-002,
       -1.87885724e-002, -5.36341444e-002, -2.81050638e-003,
       -5.69547107e-003, -1.00537017e-001, 2.86242273e-002,
       -2.92841811e-002, 5.03728807e-004, -1.92645825e-002,
       -3.96881392e-003, -6.43966766e-003, 1.55027921e-003,
       -1.32163698e-002, 1.36554733e-001, -7.60923419e-003,
       2.71168258e-002, 7.65511692e-002, -1.08001970e-001,
       -2.25362783e-006, 2.15692539e-003, 1.37660876e-002,
       1.44296333e-001, -1.80429127e-002, -1.54160127e-001,
       1.37362564e-002, 7.17172548e-002, 1.13379105e-003,
       -1.81484073e-002, -1.08142979e-002, 1.07805349e-001,
       -2.71554454e-003, -5.02105653e-002, -6.51700702e-003,
       -1.80902377e-001, -3.28311398e-005, 1.16355661e-002,
       4.15783189e-002, 1.61585712e-003, -5.82565833e-003,
       2.87189811e-001, -3.88828330e-002, -8.68964195e-002,
       -1.92113295e-002, 1.22074634e-004, -2.77863443e-002,
       -3.05434149e-002, -1.71275660e-002, 7.05460384e-002,
       -1.63377274e-003, 3.41197476e-003, -1.49328471e-003,
       -9.22786146e-002, 3.94541621e-002, 1.58848241e-001,
       5.77073870e-003, -8.35181866e-003, -4.12332732e-003,
       1.14510804e-002, -2.88052857e-003, -6.36180723e-003,
       -1.31383725e-002, 7.52794370e-002, -5.58862742e-003,
       -4.81484346e-002, 3.30740772e-002, -1.08583264e-001,
       -2.31521372e-002, -3.87140992e-003, 6.97630867e-002,
       1.31069347e-001, -2.70948987e-002, 2.13417839e-002,
       -1.02805661e-003, 6.66731745e-002, -8.80070180e-002,
       -6.76123649e-002, 0., 4.87905107e-002, -7.74816796e-003,
       5.99147677e-002, 3.83525598e-003, -8.27595666e-002,
       -5.27183292e-003, 4.20795009e-003, -1.61921717e-002,
       -6.31059334e-002, 2.06532590e-002, -1.21411905e-001,
       -2.79199518e-003, 1.72342241e-001, -1.41467887e-003,
       4.43614228e-003, 1.20693396e-004, -6.37796223e-002,
       -2.55987048e-003, -1.92144734e-003, 9.77090443e-004,
       -6.63250983e-002, 7.63170188e-004, -1.98808103e-003,
       1.28163211e-002, -7.68299326e-002, -1.83714624e-003,
       7.92643651e-002, -5.81426127e-003, -2.28201761e-003,
       -2.95911846e-003, -8.05310905e-002, 0., -6.58067176e-003,
       1.86891889e-003, -4.16907556e-002, -3.38905229e-004,
       -5.05156629e-002, -1.42168999e-003, -1.16283698e-002,
       1.93234533e-002, 3.63568477e-002, -3.21218767e-003,
       -3.55126560e-002, -3.35832052e-002, 9.52866524e-002,
       4.89132153e-003, 2.32631098e-002, 1.51198814e-002,
       -8.10472388e-003, 5.79709886e-004, 8.70481599e-003,
       -1.21384356e-002, 1.03967264e-001, 0., 1.61233377e-002,
       -2.62192916e-003, 3.66427265e-002, -3.98554141e-003,
       5.52462757e-001, 1.24929799e-002, 5.88799082e-002,
       6.78293081e-003, 4.15556096e-002, 6.66200358e-004,
       3.57297137e-002, 7.68828730e-004, -8.54796730e-003,
       -8.80347267e-002, -5.44661656e-002, 1.90222039e-004,
       4.41634506e-002, -5.34852110e-002, 6.63741380e-002,
       -1.05771478e-002, -6.68552294e-002, -1.53324381e-001,
       1.73319094e-002, -2.98995501e-003, -6.04508482e-002,
       -3.83455232e-002, -8.76625255e-002, 0., 2.21275575e-002,
       -1.62920158e-003, 3.66023928e-002, 2.62209252e-002,
       2.12048978e-001, -1.32498855e-003, 1.97111666e-002,
       -6.87370496e-003, -6.43930733e-002, 9.61934682e-003,
       5.23990951e-002, 1.32086620e-001, -6.19669538e-003,
       -1.48138981e-002, -2.40326533e-003, -1.05614187e-002,
       -2.69778743e-002, -8.22851714e-003, 1.19493308e-003,
       -3.62906116e-003, 1.04943616e-003, -1.02841044e-002,
       6.33775741e-002, 5.27932728e-003, -4.55200523e-002,
       2.76512895e-002, -3.81411500e-002, -1.66755524e-002,
       1.85891171e-003, -2.35977955e-003, -1.01091802e-001,
       7.99934287e-003, -2.45134030e-002, 9.49788168e-002,
       -6.18808046e-002, -6.46580616e-003, 9.66018625e-003,
       -1.09561473e-001, -1.06633388e-001, -7.81495403e-003,
       2.20718887e-003, -2.84760655e-003, -6.65905944e-004,
       1.83427762e-002, -4.55021299e-002, -6.44138709e-005,
       -1.22788467e-001, -1.31989559e-002, -7.08403159e-003,
       1.85411274e-002, -5.89269074e-003, -3.97662483e-002,
       -3.92133044e-003, 3.39061650e-003, 7.90683669e-004,
       7.24186301e-002, -1.66344605e-002, -1.95631827e-003,
       -2.32660044e-002, -4.57082093e-002, -7.67336646e-003,
       5.30563993e-005, -3.50036994e-002, 7.14326128e-002,
       -5.09718142e-004, 1.27955854e-001, -8.54783412e-003,
       1.91464217e-003, 7.10114080e-004, -3.69539522e-002,
       -2.61040721e-002, 1.63726974e-002, 4.54643276e-004,
       4.22667190e-002, -3.08864075e-003, -3.07798665e-003,
       -4.43467638e-003, -8.44550133e-003, -3.60487065e-005,
       5.84502937e-003, -4.98670377e-002, 8.20161868e-003,
       1.58190879e-003, -2.61050271e-004, 7.90142715e-002,
       5.62893897e-002, -3.93252224e-002, -8.34800582e-003,
       -1.80244282e-001, 1.60647184e-002, 1.04210153e-002,
       2.66389968e-003, -2.89308396e-003, -2.90826452e-003,
       -1.85809791e-001, -8.56748724e-004, 1.21380016e-002,
       -6.26498414e-003, -2.52462514e-002, -1.21343099e-002,
       2.26323642e-002, -2.92128082e-002, 7.17882290e-002,
       -4.40479480e-002, 9.14361626e-002, -6.83873426e-003,
       -1.16290897e-003, 3.93868517e-003, 3.88497487e-003,
       -1.68727860e-002, 5.82742784e-003, -2.58882828e-002,
       1.38193406e-002, -4.59594913e-002, 4.69421260e-002,
       1.25624088e-003, 2.59860575e-001, -6.95224181e-002,
       -3.32367010e-002, 3.36011350e-002, -1.86391503e-001,
       -3.64930145e-002, 4.39355932e-002, 1.39288753e-002,
       2.17728801e-002, 2.91279685e-002, 1.34027964e-002,
       1.43923133e-003, 5.70103377e-002, -1.97749445e-003,
       -6.89192414e-002, -5.05562797e-002, 2.13510282e-002,
       2.63480167e-003, 9.12952945e-002, -1.26086306e-002,
       -9.57868714e-003, 3.78381694e-003, -3.45842987e-002,
       -1.47531843e-002, 3.12864460e-004, -2.14587338e-002,
       -1.05641419e-002, 2.05648467e-002, 3.08856033e-002,
       1.19468197e-003, -2.99132802e-003, -1.66650191e-002,
       -9.72535834e-002, -4.04135957e-002, 3.92243229e-002,
       -3.26124555e-003, -2.92901620e-002, -6.27348898e-003,
       -3.74500477e-003, -6.45969194e-005, -2.87544895e-002,
       -6.23329217e-003, -4.66922484e-002, 1.28978379e-002,
       3.40839708e-003, -1.28460854e-001, -9.18171853e-002,
       -7.77662322e-002, -1.27718353e-003, -1.85640737e-001,
       9.39505324e-002, -3.85161787e-002, 2.80607212e-002,
       2.00624461e-003, -1.05593830e-001, -5.11402860e-002,
       4.10895189e-003, 0., -2.05821195e-003, -5.13797300e-003,
       -2.65297536e-002, 2.62931027e-002, -4.29551862e-002,
       -8.35420471e-003, 5.54569438e-002, 5.44914380e-002,
       1.01128854e-001, 1.48121998e-001, 4.52204160e-002,
       7.65982957e-004, 2.07135417e-002, -1.42000662e-003,
       -1.63772434e-003, 2.77696038e-003, 1.08260356e-001,
       4.52518947e-002, 5.67345321e-003, 7.64346856e-004,
       1.54546229e-002, -2.35027284e-004, -2.18266267e-002,
       1.00864721e-002, 5.78030348e-002, 2.10151915e-003,
       4.54657488e-002, -3.54044582e-003, 2.86348956e-003,
       -1.65799202e-003, 6.99976599e-003, 0., 3.29641555e-003,
       2.44189892e-003, 4.78347391e-002, 4.62298933e-003,
       -2.37774458e-002, 4.64748917e-003, -2.57104877e-002,
       9.56512243e-003, -3.48270163e-002, -9.76582058e-004,
       -8.26085582e-002, -1.02734985e-002, -2.29400173e-002,
       -4.14214555e-005, 1.36425197e-002, 5.03172949e-002,
       3.80949751e-002, -7.87070603e-005, -1.06559247e-002,
       4.68443567e-003, 1.01713380e-002, 0., -9.76775959e-002,
       1.02681573e-002, 1.41184866e-001, -2.64931726e-003,
       1.07758544e-001, 9.55154479e-004, -8.94337799e-003,
       -4.42972127e-003, -1.48818269e-001, 1.62933732e-003,
       -2.26373319e-002, 3.73647228e-004, -3.69905755e-002,
       -8.74054432e-002, 1.37656391e-001, 4.82834148e-004,
       -1.53215542e-001, -4.91000414e-002, 1.61464326e-003,
       -6.83038728e-003, -1.39060840e-002, -1.88561708e-001,
       6.27960544e-003, -1.79254566e-003, 1.04220018e-001,
       -3.22822966e-002, 1.37531292e-002, 0., -2.46456321e-002,
       -1.20195840e-003, 8.30897503e-003, -2.36509135e-003,
       1.08739093e-003, -1.02835419e-002, 3.20176743e-002,
       -5.75642614e-003, 2.06645355e-001, 1.01552289e-002,
       6.07982390e-002, -8.45861062e-002, 1.09020686e-002,
       -1.16280722e-003, -1.96038727e-002, -6.04522368e-003,
       -5.01244143e-002, 4.28396128e-002, -1.48845064e-002,
       3.32239113e-004, 1.02859857e-002, -2.03716699e-002,
       -4.22630943e-002, -1.84640812e-003, 1.79514773e-002,
       8.18806216e-002, 7.44620562e-002, -9.43878479e-003,
       -4.01010597e-003, 4.18398296e-003, -1.38307288e-001,
       -7.86933582e-004, -3.86326648e-002, 1.44859347e-002,
       3.26633602e-002, 2.65534385e-003, -8.04063398e-003,
       -5.43032866e-003, -3.20098028e-002, -2.08746213e-002,
       -1.87549293e-002, 4.55395144e-004, 8.44629630e-002,
       -1.37645766e-001, -2.67001819e-002, 2.24072792e-005,
       -3.64235677e-002, 2.76960526e-003, -1.84521936e-002,
       4.68380144e-003, -1.55183335e-003, 7.10980094e-004,
       -1.30425142e-002, -4.97740577e-004, 1.29525214e-002,
       2.52790619e-002, 1.11805022e-001, 1.60643045e-004,
       -9.91103705e-003, 6.06862642e-002, 3.31730135e-002,
       -2.64985632e-004, -5.92827313e-002, -1.69202127e-002,
       -5.17859310e-003, 4.59839329e-002, -1.03418911e-002,
       -2.78695923e-004, -5.13415504e-003, 1.55672422e-002,
       4.13556118e-003, -6.13741344e-003, 2.60904152e-002,
       1.43509060e-002, -3.78808822e-003, -2.40139687e-003,
       -1.33969719e-002, -4.62492375e-004, -1.38962222e-003,
       -3.49583128e-003, -2.22105719e-002, 1.61035347e-003,
       -1.38195315e-002, -1.68604567e-003, 8.81405920e-002,
       3.28911990e-002, 1.32337343e-002, -4.87857824e-003,
       1.42099857e-001, 1.82045639e-001, -3.00176200e-002,
       2.53263675e-003, -2.22849846e-002, -1.79603056e-003,
       -1.15736730e-001, -1.18112010e-004, -1.09202042e-002,
       6.39519934e-003, -3.17077786e-002, 3.48593487e-004,
       -3.06913685e-002, 5.80236651e-002, 1.10313311e-001,
       2.26656572e-004, -1.02822930e-001, 3.69266747e-003,
       -2.58762506e-003, -3.74677358e-003, 1.94917470e-002,
       8.17918032e-003, -2.21614260e-002, -5.64450026e-003,
       -9.87177938e-002, -5.37952669e-002, -1.65911056e-002,
       -4.19696327e-004, -2.38075897e-001, 5.39966077e-002,
       1.49466589e-001, 3.71674821e-002, 8.86084214e-002,
       -2.96752583e-002, 3.88686582e-002, -5.02185803e-003,
       1.63768694e-001, 1.38610294e-002, 1.79318950e-001,
       2.07864359e-004, -1.37066707e-001, 4.79760254e-003,
       6.79752454e-002, 1.00517133e-002, -2.97620073e-002,
       9.73808859e-003, -1.82475746e-001, -8.60497821e-003,
       -2.20356181e-001, 1.57793444e-002, 3.55308950e-002,
       -2.39802320e-002, 6.68532327e-002, -5.41779958e-003,
       -7.72965178e-002, -1.77618507e-002, -2.43570358e-002,
       3.15328391e-004, 4.08457918e-003, 5.18845581e-003,
       -1.57494601e-002, 2.29062932e-003, 1.24861591e-001,
       -3.01335985e-003, 4.62718494e-002, 5.32199163e-003,
       1.25738950e-002, -1.10564716e-002, 6.24738447e-002,
       1.82437198e-003, 3.61253649e-001, -1.29180234e-002,
       -2.66630147e-002, -2.77638044e-002, -2.66505182e-002,
       8.91944543e-002, -1.88104936e-003, -4.41444255e-002,
       -1.12585723e-002, -4.07345518e-002, 4.28418862e-004,
       1.97541653e-004, -4.10714075e-002, -4.81297337e-002,
       -2.03213729e-002, 0., -9.84766148e-003, -1.91344060e-002,
       -8.42556283e-002, 1.47033036e-002, -1.98573440e-001,
       -4.02561389e-003, -7.27783442e-002, 1.29518779e-002,
       4.80860323e-002, 2.71454677e-002, -4.93082777e-002,
       -8.59298962e-005, 7.40477145e-002, -2.24093790e-003,
       3.27494321e-003, 9.35147225e-004, -8.56782570e-002,
       7.34153204e-003, -1.37972804e-002, -1.35089632e-003,
       -1.48836207e-002, 2.57380493e-003, -3.98129113e-002,
       1.87076591e-002, 9.46963392e-003, -3.88313271e-003,
       1.09160706e-001, -2.46817479e-003, -3.68382549e-003,
       2.18131754e-004, 1.42861828e-002, 0., -6.55166665e-003,
       -1.86331861e-004, 4.93517630e-002, 2.63840216e-003,
       -6.44957796e-002, 2.19519320e-003, -1.54406447e-002,
       5.82203828e-002, -8.83031450e-003, 7.40432661e-005,
       -6.04387596e-002, 1.11771899e-003, 1.07108682e-001,
       -1.87825935e-003, 2.41782479e-002, 3.67447101e-002,
       -5.77512123e-002, 8.49898861e-005, -7.78051745e-003,
       -2.59320259e-005, 1.65812224e-001, 0., 5.33380806e-002,
       -2.71294801e-003, 8.03094134e-002, 1.91421888e-003,
       -1.33007452e-001, -5.00470074e-003, 4.76944819e-002,
       9.01393685e-003, 1.15981862e-001, 2.90658791e-004,
       -8.85878876e-002, 4.52172651e-004, -4.19914983e-002,
       -5.69594130e-002, -8.68534669e-002, -2.97732389e-004,
       3.18479165e-002, -4.72861566e-002, -4.06383090e-002,
       -5.43828029e-003, 3.71073484e-001, -3.91456112e-002,
       2.59957165e-002, 7.41600012e-003, -1.70450747e-001,
       -1.53523292e-002, 3.86265293e-002, 0., 4.45952266e-002,
       -7.64047669e-004, -4.56937291e-002, -3.87694351e-002,
       -1.17967859e-001, 3.50359641e-003, 3.67274731e-002,
       1.50984880e-002, -1.74613169e-003, -3.48474793e-002,
       -8.53030011e-002, -4.34131175e-002, 1.69417018e-003,
       6.12073625e-003, 1.09489420e-002, 1.55980205e-002,
       -6.05995357e-002, 5.40120378e-002, 6.96907118e-002,
       2.42777378e-003, 1.01415217e-002, -1.12071345e-002,
       -6.54228404e-002, -5.43635571e-003, -3.04577034e-003,
       6.00626208e-002, 1.22191757e-001, 2.85750311e-002,
       4.48209699e-003, 6.93528587e-003, -1.30401641e-001,
       2.61880420e-002, -1.78165734e-002, -1.41127398e-002,
       5.19379787e-002, 4.56180274e-002, 1.31378062e-002,
       3.69496718e-002, -7.95409009e-002, 4.14984226e-002,
       2.63450755e-004, -1.48532353e-003, -1.46522209e-001,
       -7.00828359e-002, 7.95944966e-003, -2.89777905e-004,
       -4.70805652e-002, 1.75049491e-002, -6.08617486e-003,
       -5.72656421e-003, 1.58255510e-002, 7.22218212e-003,
       2.07631360e-003, 1.70509219e-002, 5.88804856e-002,
       -5.41163934e-003, 1.63781643e-002, 1.58461754e-003,
       8.08871072e-003, 6.96051642e-002, 6.17987895e-003,
       -1.07641029e-003, -7.30159804e-002, -4.60079424e-002,
       -3.06478282e-003, -1.40923530e-001, -2.69272365e-003,
       -1.01751823e-003, 4.72892512e-004, 1.84563417e-002,
       -2.17304714e-002, 1.62565690e-002, -9.03991796e-003,
       -4.20987196e-002, -8.63501709e-003, -1.82817318e-002,
       7.87989516e-003, 2.70052417e-003, 4.49225103e-004,
       -8.32653604e-004, -4.09715585e-002, -7.34240562e-003,
       3.60668125e-003, 2.29922123e-004, 1.10667367e-002,
       -9.01009813e-002, 8.03832188e-002, 2.54904805e-003,
       6.20542355e-002, 1.24920361e-001, 9.52928979e-003,
       3.76649993e-003, 4.35972661e-002, -7.13450543e-004,
       -1.06232055e-001, 8.58508749e-004, 2.86904220e-002,
       -1.03292912e-002, -4.41161282e-002, 2.48431158e-003,
       2.25764718e-002, 7.52943680e-002, 4.80052941e-002,
       6.78505143e-003, 1.82762340e-001, -1.14069413e-002,
       3.79770761e-004, 1.83251351e-002, 8.81312415e-003,
       1.02423131e-002, 7.68190175e-002, 6.55081589e-003,
       -9.17920843e-003, 8.27602390e-003, -9.28453803e-002,
       -4.31570050e-004, -3.98202129e-002, -4.58823107e-002,
       2.26598084e-002, -5.14299944e-002, -3.93180728e-001,
       3.40247341e-002, 2.33421586e-002, 3.45120095e-002,
       1.27222225e-001, -1.88022982e-002, 1.33525312e-001,
       2.29160041e-002, 2.42560387e-001, 3.96918925e-003,
       -1.95092931e-002, 3.42282606e-003, 1.85111668e-002,
       -6.94668200e-003, 5.24216220e-002, 2.13827519e-003,
       -4.13436331e-002, 5.60102053e-005, 1.25849880e-002,
       4.87419181e-002, -1.08067319e-003, 9.32724029e-003,
       4.87705208e-002, 7.27890655e-002, 4.03622203e-002,
       -1.71027693e-003, 9.39305965e-003, 3.04175983e-003,
       -1.17838360e-001, -1.35213425e-002, -2.13676810e-001,
       -1.14012277e-002, 1.29849061e-001, 1.15555096e-002,
       1.09242452e-002, 2.80844439e-002, 8.32888950e-003,
       -1.87887379e-003, 4.29663211e-002, 4.81634121e-003,
       1.36743784e-001, -2.61979122e-002, -3.62461880e-002,
       1.63366552e-002, 1.45672541e-003, 1.48284854e-002,
       -2.91697271e-002, 4.14641723e-002, -3.45056131e-002,
       -2.23366148e-003, -1.26603693e-002, 1.40199121e-002,
       -7.99509585e-002, 0., 1.60422809e-002, -7.34648085e-004,
       -2.69503910e-002, -3.81589457e-002, -8.10670033e-002,
       3.44139850e-003, 3.90805006e-002, -3.07388045e-002,
       -4.37557325e-002, -7.96301812e-002, 4.81917560e-002,
       -4.15036455e-004, -2.70951074e-004, 8.89318471e-004,
       2.61959573e-003, -3.80280241e-003, 5.96182942e-002,
       -4.18258980e-002, -3.66285181e-004, 1.87127630e-003,
       -2.41818484e-002, -2.25119572e-003, -3.05806678e-002,
       -6.09071143e-002, -1.84743758e-002, 3.49188806e-003,
       3.22647132e-002, -1.68633473e-003, 1.51970715e-003,
       -5.28741768e-003, -4.08013947e-002, 0., 2.17239212e-004,
       1.09510194e-003, -7.57252127e-002, -5.59252268e-003,
       -1.90032572e-002, 3.54102720e-003, -7.46895075e-002,
       -3.89766693e-002, 4.89868224e-002, -6.55780034e-003,
       -2.51734313e-002, -4.04151343e-003, 7.87169859e-003,
       6.24749856e-003, 2.30353381e-002, -7.54268020e-002,
       9.99474078e-002, -9.41731560e-005, 1.18253836e-002,
       -4.48705954e-003, -2.16880560e-001, 0., 2.47749761e-001,
       -4.07324114e-004, 6.09869473e-002, 3.04088090e-003,
       2.21079797e-001, -8.21461622e-003, 6.30825609e-002,
       8.73280317e-003, -2.04793245e-001, 2.58624600e-003,
       -1.43231302e-002, -2.26083372e-004, -2.83758193e-002,
       -5.56320511e-002, 2.37162784e-001, 7.71255814e-004,
       -3.38137448e-002, 4.49675182e-003, -3.13061476e-002,
       1.13525605e-002, 2.29095265e-001, -1.08155370e-001,
       -5.02531137e-003, -2.36753793e-003, 5.46717905e-002,
       1.28021576e-002, -7.69000826e-003, 0., -7.48528074e-003,
       -7.74680346e-004, -4.26662378e-002, -2.45119687e-002,
       -8.70760977e-002, -6.66779140e-003, 2.43099388e-002,
       2.64595659e-003, 1.06136523e-001, -1.52723072e-002,
       -1.72969565e-001, 4.49929945e-002, -2.97569185e-002,
       -7.66791636e-003, -5.80274267e-003, 6.97545893e-003,
       -1.24343494e-002, -7.80610144e-002, 3.65432240e-002,
       3.37271043e-003, -1.41909849e-002, -2.95817852e-002,
       2.38535292e-002, 1.40942922e-002, -1.26513625e-002,
       -4.79283184e-003, 3.70352156e-002, 1.75309386e-002,
       -9.61840060e-003, -8.06798413e-003, -8.05722997e-002,
       4.44470299e-003, -1.81007180e-002, 3.32086757e-002,
       4.40314272e-003, 2.92038787e-002, -1.29340298e-003,
       -9.18246899e-003, 7.25159720e-002, 2.18567550e-002,
       -7.87482038e-003, 3.12519632e-003, -4.32414971e-002,
       -5.91225810e-002, -8.54029413e-003, -4.92029285e-005,
       -3.24262604e-002, 1.29045071e-002, -9.06666927e-003,
       2.13414500e-003, 5.04530873e-003, 1.66305644e-003,
       -2.50828615e-003, 8.14385060e-003, 8.85501562e-004,
       -9.70215115e-005, 2.56461930e-003, -2.21660780e-003,
       -3.00035607e-002, 7.60343596e-002, -7.79939257e-003,
       1.56322611e-004, -1.32041899e-002, 3.74014638e-002,
       -3.21159046e-003, -4.03358117e-002, -1.28634945e-002,
       1.61727075e-003, -2.96856184e-003, 1.81988056e-003,
       -7.26081780e-004, 1.51441563e-002, 3.25897429e-003,
       -2.04820056e-002, -3.59676243e-003, -1.22046974e-002,
       -9.13238153e-003, 5.95168350e-003, -3.50254821e-003,
       7.39166467e-003, -7.97743872e-002, -8.76262505e-003,
       -7.30642164e-003, 1.43428345e-003, 3.96399461e-002,
       -4.34342511e-002, -6.71208799e-002, 1.64845982e-003,
       1.12929732e-001, -8.70980546e-002, -2.02090647e-002,
       2.54005590e-003, -4.40489501e-002, -7.15421571e-004,
       -2.82384511e-002, 1.96763151e-003, 5.22936741e-003,
       -2.33077388e-002, -1.57753546e-002, 3.06969509e-003,
       3.38058919e-002, -6.72381744e-002, -7.73837641e-002,
       -2.96012219e-003, -2.26077527e-001, 1.36296237e-002,
       8.13046377e-003, 1.08234743e-002, 1.13991871e-002,
       6.02536509e-003, 1.22727938e-001, 7.67151723e-005,
       3.67032997e-002, 6.16925620e-002, -2.99058165e-002,
       3.61636514e-003, -1.77172244e-001, -9.89157241e-003,
       -2.29837671e-001, 1.91806850e-003, 1.80652842e-001,
       6.00592308e-002, -1.80386156e-002, 1.38288010e-002,
       4.48545031e-002, -8.07532389e-003, -1.21436670e-001,
       1.72742940e-002, 1.30271390e-001, -1.30030478e-003,
       8.93387944e-003, 9.96177457e-003, -1.45850983e-002,
       -4.58337404e-002, 1.38847530e-001, 2.04517390e-003,
       8.49564653e-003, 2.19471962e-003, 7.67015442e-002,
       1.79822352e-002, 2.09179688e-002, 1.77424550e-002,
       3.99708562e-002, 2.79078204e-002, 4.81862538e-002,
       2.42743106e-003, 2.05915165e-003, 2.16686889e-003,
       2.84358505e-002, -4.10414189e-002, -7.41251111e-002,
       9.69941635e-003, -1.26105800e-001, 1.25332910e-003,
       1.91011019e-002, 1.02486433e-002, 5.30488826e-002,
       6.84716459e-003, -3.16661268e-001, 2.60013025e-002,
       1.35847211e-001, -3.94009240e-002, -6.91911206e-002,
       -3.68633717e-002, 7.26884682e-005, -8.03223476e-002,
       -1.77905618e-004, 2.89881546e-002, 2.20752973e-002,
       5.30084968e-003, -5.67179732e-003, 5.30888774e-002,
       5.25178872e-002, 0., -1.83343084e-003, 1.15246810e-002,
       4.20332588e-002, -1.03679458e-002, 1.95685923e-002,
       3.21370456e-003, 1.43081264e-003, 2.57790517e-002,
       -5.40930182e-002, -2.02609375e-002, -5.29223010e-002,
       -1.73090724e-003, 1.87782213e-001, -3.09964339e-003,
       3.26170214e-003, -1.35435537e-003, -2.19380297e-002,
       2.13645492e-002, 1.04147336e-002, 1.07785338e-003,
       -3.62661481e-002, 1.53691217e-003, 7.70430826e-003,
       -3.34963873e-002, 1.56346094e-002, 2.99942517e-003,
       7.87998363e-002, 5.66532230e-003, 8.57518055e-003,
       4.69168881e-003, -1.41596999e-002, 0., -2.96548801e-003,
       4.42380272e-003, 1.66759919e-002, 3.95054143e-004,
       -2.55013704e-002, -3.44900368e-003, -1.69869568e-002,
       -8.61237105e-003, 1.78563111e-002, 4.48758667e-003,
       -1.60710290e-002, 1.98048982e-003, 1.58223242e-001,
       -1.07804174e-002, 2.89436094e-002, -2.73735952e-002,
       1.57037620e-002, 2.08197584e-004, 1.47010572e-003 ]
