%YAML:1.0
PCAW_vec: !!opencv-matrix
   rows: 10
   cols: 256
   dt: f
   data: [ -1.54321641e-003, -5.28747514e-002, 2.28590472e-003,
       2.20032632e-001, -9.32084117e-003, -1.11579383e-002,
       -2.45975982e-003, 1.36902230e-002, 5.06312819e-003,
       7.28227384e-003, 4.16846247e-003, 2.20293686e-001,
       -2.13590520e-003, -1.19193457e-002, -2.38462657e-004,
       -3.16663012e-002, -7.77930999e-003, 5.33008352e-002,
       4.00930177e-003, 1.83410924e-002, 7.48898383e-005,
       -1.86646171e-002, 1.46767672e-003, -5.46246655e-002,
       -1.28716668e-002, 3.90428165e-003, 1.08886836e-002,
       1.06632374e-001, 4.91009385e-004, -8.44680239e-003,
       -3.03106452e-003, -1.23808952e-002, 1.91359241e-002,
       9.08766612e-002, 1.11606875e-002, 6.50185719e-002,
       -3.85705121e-002, -4.64413344e-004, -1.36075299e-002,
       -4.52534435e-003, 4.51509394e-002, 4.55844700e-002,
       3.35800387e-002, -1.37525704e-003, -2.82219406e-002,
       -6.98948139e-003, -3.31603619e-003, -5.48288750e-004,
       3.09701879e-002, 4.76300158e-003, 8.86759954e-004,
       1.10781126e-004, 2.59798057e-002, -3.90093178e-002,
       7.08920322e-003, -1.22046940e-001, 2.62985900e-002,
       -2.70707044e-003, 2.28992058e-003, 7.04983831e-004,
       -1.64858066e-002, -1.30446300e-001, 4.95114457e-003,
       1.26299104e-002, 3.37055176e-002, 1.81096308e-002,
       5.07321805e-002, 7.72838620e-003, -8.76908936e-003,
       -6.24183863e-002, 2.15488113e-002, -7.51693621e-002,
       -8.56635452e-004, 5.23792766e-002, 1.08957231e-001,
       -5.38894609e-002, -8.86407390e-004, -9.99682304e-003,
       1.44363381e-002, 7.86510005e-004, -5.36780851e-003,
       -8.93632695e-003, -9.56719555e-003, -1.24182152e-002,
       -8.71513877e-003, -3.59212793e-002, -2.71271598e-002,
       -2.60209352e-001, 2.50970083e-003, -1.77043192e-002,
       2.38496158e-003, 1.85277197e-003, 0., -1.13811009e-002,
       -3.35181095e-002, 2.93197460e-003, 3.57908159e-002,
       -8.06955621e-003, 5.95788413e-004, -2.02782657e-002,
       7.51025090e-003, -3.05396155e-003, 2.66746385e-003,
       -1.71767678e-002, 1.48730809e-002, 2.50231614e-003,
       9.63434577e-003, -5.05576422e-003, -6.06699847e-003,
       -7.67667487e-004, 8.72327480e-004, -7.78306229e-003,
       2.34312774e-003, -1.46503886e-002, 1.95328589e-003,
       -2.92184632e-002, 1.48875527e-002, -4.41156477e-002,
       5.35346521e-003, -1.16694279e-001, 9.17533785e-002,
       -2.56159343e-002, 2.37484113e-003, -2.48519611e-002,
       -2.84960750e-003, -6.30012006e-002, -2.77266791e-003,
       -3.82925267e-003, -6.07628049e-003, -1.16931251e-003,
       -4.92463633e-003, 3.92992981e-003, -1.03761768e-002,
       3.97589058e-002, -3.62814218e-003, -2.00501382e-002,
       -2.76902644e-003, -3.26354429e-002, -1.98594201e-002,
       -1.57575663e-002, 5.22788288e-003, -7.53480196e-002,
       -9.53959953e-003, 1.71621959e-003, -2.04957984e-002,
       1.40309865e-002, -3.77724716e-003, 2.87386160e-002,
       -7.53935194e-004, 3.20599616e-001, -2.36913823e-002,
       4.40559149e-001, -2.23279092e-003, -4.80473749e-002,
       -3.13057788e-002, 2.77065989e-002, 6.66196877e-003,
       -5.12133725e-002, -7.22654611e-002, 2.56124020e-001,
       2.46583894e-002, -1.78251136e-002, -3.70118208e-002,
       -8.96531641e-002, 1.10596478e-001, -5.33962948e-003,
       -1.36625636e-002, -6.87484294e-002, 5.34275267e-003,
       -3.55791599e-002, -9.23818648e-002, -7.80272111e-002,
       -1.75584089e-002, -1.02559803e-002, -4.31539305e-002,
       -1.39185251e-003, 5.53847337e-003, 6.31522993e-003,
       1.57017680e-003, -1.90635212e-002, 6.75748959e-002,
       -3.88251059e-002, 1.65172927e-002, -1.11641392e-001,
       4.62470297e-003, -1.64454058e-002, 4.37744660e-003,
       -5.76238707e-002, 2.84714457e-002, -1.90640882e-001,
       1.24952095e-002, 9.76776853e-002, -4.10279818e-002,
       8.25991854e-003, -5.80555014e-003, 6.96359435e-003,
       1.34554077e-002, -3.18613574e-002, -9.89557360e-004,
       -3.72693986e-002, -3.33133414e-002, -1.06468387e-001,
       -6.75209910e-002, -2.70778965e-002, -3.67359433e-004,
       -6.49489909e-002, -1.60357927e-003, -6.28885487e-003,
       -1.61001720e-002, 1.59091949e-002, -8.92191287e-003,
       -1.51961157e-003, 2.29829699e-002, 2.01184228e-001,
       3.68145220e-002, 3.01372707e-001, -4.78193630e-004,
       -3.12978365e-002, -5.82107296e-003, -6.47944747e-004,
       4.84948792e-003, -5.29523231e-002, 8.96106102e-003,
       3.08905616e-002, -2.51482544e-003, -7.76571408e-003,
       -9.41045757e-004, -4.95314822e-002, 1.35243768e-002,
       -1.06521475e-003, 3.43930395e-003, -4.26204968e-003,
       -4.52942960e-003, -5.25425486e-002, -2.89702928e-003,
       -4.85316403e-002, -4.14911564e-003, -4.59740125e-003,
       2.78727210e-004, 7.49244995e-004, 4.80862195e-003,
       1.20882746e-002, 2.24167365e-003, -1.58894956e-002,
       4.24351133e-002, 3.81568149e-002, 4.93041845e-003,
       -2.28179246e-002, 2.26648618e-002, -3.11649125e-002,
       8.99974897e-004, -8.00698251e-003, 2.10170504e-002,
       -7.11583868e-002, -9.43343714e-003, 1.29850172e-002,
       4.15600982e-004, -1.43328756e-001, 1.05138021e-002,
       -1.57453015e-001, 6.93844073e-003, -1.37419521e-003,
       3.91876046e-003, 8.83409008e-002, 9.23738722e-003,
       1.52092263e-001, 2.95773312e-003, -1.91407874e-001,
       6.49852119e-003, 4.17516008e-002, 5.81231259e-004,
       -1.53909791e-002, 1.32065723e-002, -3.14874351e-002,
       1.82623249e-002, -6.19243219e-005, 2.32572034e-002,
       -1.55240148e-002, 2.46908329e-002, 4.47951170e-004,
       3.57538718e-003, 4.39506955e-003, 1.02357548e-002,
       -9.42765102e-002, 5.88285225e-003, -5.96196565e-004,
       1.39507977e-003, 1.24603673e-003, -7.22630229e-003,
       -1.39151499e-001, 8.19304511e-002, 3.08566123e-001,
       -1.00348182e-002, -1.31303910e-003, 1.48203196e-002,
       4.15226705e-002, 5.02424054e-002, -8.29328448e-002,
       1.37851983e-001, -6.65851752e-004, -2.81079654e-002,
       6.92302268e-003, 1.52295688e-002, -3.20851832e-004,
       1.61328111e-002, 2.17533740e-003, 7.12929713e-003,
       7.66450819e-003, 6.36708587e-002, -2.75789984e-002,
       3.70827056e-002, -7.14926049e-002, -2.24640686e-002,
       -1.25798900e-002, 1.59570035e-002, 1.57772971e-003,
       -1.16763385e-002, -1.00310914e-001, 1.44332703e-002,
       1.33951381e-002, 5.51883504e-002, 1.19743682e-002,
       1.62795737e-001, 2.28555743e-002, 1.42816789e-002,
       -3.94194722e-002, 3.93060111e-002, -4.62904684e-002,
       -2.20062269e-004, 2.66582847e-001, -1.10408261e-001,
       -9.30067897e-002, 6.36071549e-004, 5.47180232e-003,
       2.23068768e-004, 2.53948197e-003, 2.57079885e-003,
       -9.55482572e-003, -1.12919714e-002, -1.16125587e-002,
       -7.02674128e-003, -3.27301174e-002, -2.60250829e-002,
       -4.55264337e-002, 2.93680903e-004, -1.40927946e-002,
       2.52059312e-003, -2.40278617e-003, 0., -1.37103721e-002,
       -3.26414742e-002, 9.17731877e-003, 7.02787340e-002,
       -1.34524694e-002, 6.79915631e-003, -1.44506050e-002,
       2.97296476e-002, 1.06305792e-003, 1.01784756e-002,
       -1.43584805e-002, 2.50743404e-002, 3.54380766e-003,
       8.59888457e-003, -6.45885151e-003, 7.76730757e-003,
       -3.56922363e-004, 1.77608132e-002, -6.30847737e-003,
       4.12083603e-003, -9.70002171e-003, 1.27902562e-002,
       -1.06865298e-002, 6.53024241e-002, -1.71813369e-002,
       2.22977176e-002, -2.80806050e-002, 6.87201470e-002,
       -9.25555639e-003, -5.01494668e-003, -1.03570074e-002,
       2.60508084e-003, -4.49763089e-002, -1.80366857e-003,
       7.25983130e-003, 1.61695424e-002, -3.85655835e-003,
       1.02305990e-002, -4.29289136e-003, 2.03160439e-002,
       -2.90380158e-002, 1.21503090e-002, -4.37291116e-002,
       1.18279485e-002, -1.47839328e-002, -1.66338477e-002,
       -5.56221008e-002, 2.52764281e-002, -1.91553421e-002,
       -1.55794329e-003, -4.74481727e-004, 3.74475531e-002,
       -4.55469154e-002, 1.06642516e-002, 1.03317956e-002,
       -2.71961937e-004, -3.48432362e-001, -1.47520239e-003,
       -2.75067419e-001, 3.06116100e-002, -2.20049918e-002,
       -1.18291201e-002, -6.80447519e-002, 1.09056532e-002,
       1.36053443e-001, -5.14917597e-002, -9.33864489e-002,
       -1.16402628e-002, -6.74426509e-003, -1.57694668e-002,
       -2.01265961e-002, 8.11112598e-002, -1.12040648e-002,
       -8.58702324e-003, -4.66033220e-002, 9.42515675e-003,
       -7.93734659e-003, -2.70820893e-002, -9.82110053e-002,
       7.98630901e-003, 6.56563714e-002, -2.98504401e-002,
       -4.02804362e-005, -2.87291990e-003, 1.19547425e-002,
       2.03570863e-003, 8.36721901e-003, 3.13094631e-002,
       -2.26376243e-002, 3.43173333e-002, -1.61615774e-001,
       4.54664463e-003, -1.57364085e-002, 1.94563325e-002,
       -4.57635485e-002, 2.12489776e-002, -6.89329058e-002,
       5.36849014e-002, 2.46801168e-001, -4.55550887e-002,
       4.35820632e-002, 3.40386853e-002, 5.24055352e-003,
       -4.65381294e-002, -5.72465286e-002, -1.67708900e-002,
       -4.65885662e-002, -3.54823880e-002, -1.10383099e-002,
       -4.55015972e-002, -2.87033450e-002, 1.22115132e-003,
       -7.15139806e-002, -4.40221420e-003, -3.93175194e-003,
       -5.34642208e-003, 5.97305968e-002, -7.09881028e-003,
       6.21820218e-004, -5.87351620e-002, 2.02160224e-001,
       7.13051260e-002, 2.34269872e-001, -3.01120192e-004,
       -2.41859499e-002, -5.14081726e-003, 5.48403041e-005,
       3.36512998e-002, -5.42650037e-002, -1.44121330e-002,
       9.95967258e-003, 1.28715683e-003, -4.52327961e-003,
       -8.38870707e-004, -4.51677889e-002, 2.86959838e-002,
       -3.41480249e-003, 1.42648220e-002, -3.19021172e-003,
       -1.76902232e-003, -4.31718640e-002, 3.45442770e-003,
       -4.23585176e-002, -3.83680162e-004, 9.76642221e-003,
       2.00320296e-002, 1.20428472e-003, 2.57864129e-003,
       3.47293243e-002, 8.48421082e-003, -6.07206812e-003,
       8.85331929e-002, 1.09183952e-001, 1.87484287e-002,
       1.74322464e-002, 1.40955951e-002, -1.32263601e-002,
       -1.54744834e-003, -5.91156131e-004, 4.67374772e-002,
       -2.27154344e-002, 7.84215797e-003, 5.56906313e-002,
       -2.65916111e-003, 1.49174472e-002, -1.54006174e-002,
       -6.49163825e-003, 3.05924397e-002, -3.48512419e-002,
       -3.63648706e-003, -1.60649177e-002, -2.84343790e-002,
       -6.41067512e-003, -7.01249158e-003, -2.66931675e-005,
       -1.35819875e-002, 3.14414427e-002, 4.72533720e-004,
       6.94052316e-003, -3.71795222e-002, 8.94848108e-002,
       -2.03683637e-002, -2.16762070e-002, 1.12694493e-002,
       -3.11286580e-002, -2.68006250e-002, 1.28850579e-001,
       -1.51348263e-002, -8.32893699e-003, -2.06857044e-002,
       1.73042431e-001, 8.84394534e-003, 1.36755416e-002,
       -6.51850086e-003, -1.79942269e-002, -7.94906914e-003,
       -8.32670033e-002, -6.82889298e-002, -3.92627902e-002,
       2.20160753e-001, 3.85737000e-003, -3.41492072e-002,
       3.02939788e-002, -2.87527554e-002, 3.59456018e-002,
       -6.19473122e-002, -3.81666177e-004, 1.59650687e-002,
       2.26316066e-003, -3.86518203e-002, -2.09810096e-003,
       9.31736305e-002, 8.70458260e-002, 9.11825523e-003,
       -5.74395061e-003, 9.76373926e-002, -4.53138864e-003,
       -4.76427935e-002, 9.80970934e-002, 1.31396681e-001,
       1.09720983e-001, 8.08165595e-003, 6.75265328e-004,
       7.40724010e-003, -4.91782725e-002, -1.57482624e-002,
       4.70699333e-002, -8.86639133e-002, -5.11884643e-003,
       -5.37660755e-002, 1.82627738e-002, 2.53166426e-002,
       -3.55358683e-002, -2.46634539e-002, -4.53069322e-002,
       -3.16694472e-003, -2.94540882e-001, -3.95259894e-002,
       -4.86916164e-003, -4.22678801e-004, -4.29809885e-003,
       1.68353447e-003, -1.55728043e-003, -1.14658317e-002,
       1.82053838e-002, -6.97261514e-003, -5.14525082e-003,
       -1.43545987e-002, 4.06345865e-003, -1.33880647e-002,
       1.92335859e-001, 1.63940750e-002, -2.06271210e-003,
       -1.28853796e-002, -4.58902417e-004, 0., 1.24134719e-002,
       -3.48403677e-002, -1.67300254e-002, -7.93959498e-002,
       -4.02963022e-003, -8.66385736e-003, -2.37699132e-003,
       2.11438257e-002, -1.57353526e-003, -3.44162458e-003,
       -6.41491031e-003, -5.77943437e-002, -8.73425230e-003,
       -1.58625226e-002, -1.53955654e-003, -2.92038936e-002,
       -4.95060813e-004, -1.41113084e-002, -7.85362069e-003,
       4.59479605e-004, 1.04730288e-002, -1.06441360e-002,
       -3.27036493e-002, -4.29583080e-002, 1.71774495e-002,
       -1.28742261e-002, 6.66405186e-002, 3.75274956e-001,
       -1.32101234e-002, 1.08479531e-002, -3.34358327e-002,
       -1.28504168e-002, -3.87205929e-002, -5.88310929e-003,
       3.61071266e-002, 4.25709262e-002, -5.87749202e-003,
       -1.50714004e-002, -7.63063412e-003, 1.75009742e-001,
       -1.12168107e-003, 9.46905185e-003, -2.99605746e-002,
       -2.28265096e-002, -5.10670841e-002, -2.08065324e-002,
       -2.74633113e-002, 1.01563428e-002, 1.87646952e-002,
       -6.31196285e-003, 3.57561707e-002, -7.88820907e-002,
       3.21655162e-002, -1.18649257e-002, 4.05905619e-002,
       -1.09815486e-001, -1.85377687e-001, -5.54345623e-002,
       1.57162696e-001, -3.70285250e-002, 4.06959094e-002,
       -3.55255567e-002, 5.86780384e-002, -1.93625931e-002,
       1.26615062e-001, -6.00607172e-002, -1.29296407e-001,
       9.01409145e-003, 1.21185593e-001, -3.18356641e-002,
       1.22426506e-002, 2.19824031e-001, 8.28835517e-002,
       -3.18464730e-003, -1.20069096e-002, -2.46362593e-002,
       1.17885560e-001, -7.14928880e-002, -3.60767692e-002,
       5.61349988e-002, 2.63674021e-001, -3.99234779e-002,
       -8.38829763e-003, -1.14481791e-003, 4.90934923e-002,
       -8.28322605e-004, 5.67173511e-002, -3.10905240e-002,
       7.49113970e-003, -2.88578197e-002, -8.73485655e-002,
       1.87810920e-002, -1.31980535e-002, -1.91656761e-002,
       3.20358053e-002, -6.61573857e-002, -8.55367556e-002,
       -6.12986349e-002, -1.44384326e-002, -9.95740145e-002,
       2.88275555e-002, 1.87932886e-002, -1.15927700e-002,
       9.28092003e-002, 3.55076976e-002, -2.03599762e-002,
       -4.38903272e-002, -2.43819188e-002, -3.82993668e-002,
       -1.66026149e-002, -9.28008649e-003, 4.47035272e-004,
       6.77589402e-002, -8.80525727e-003, -2.39848834e-003,
       -1.52469594e-002, 1.68312993e-002, -1.28249184e-003,
       -1.08047941e-004, -6.66877180e-002, 1.02283388e-001,
       -1.25970215e-001, -2.25471873e-002, 3.39306462e-005,
       -2.81377025e-002, 1.73392880e-003, -8.95212579e-004,
       -3.90204042e-002, -8.01191553e-002, -4.21382003e-002,
       -4.36501093e-002, -9.53619834e-003, 6.60073152e-003,
       -1.44410552e-003, -2.01002061e-002, -1.88809913e-002,
       2.49036308e-002, -1.95201505e-002, 1.16937852e-003,
       -4.99416003e-003, -2.24764682e-002, -8.67677573e-003,
       -1.81426145e-002, -7.07692886e-003, 1.08903170e-001,
       -3.27632688e-002, -3.78588011e-004, -5.49184717e-003,
       1.98389590e-002, -1.24487113e-002, -1.86173320e-002,
       -6.32378235e-002, 9.68284830e-002, -2.25436147e-002,
       -5.08573540e-002, 1.98451206e-002, -1.23908855e-002,
       -6.83383597e-003, -1.89823657e-002, -7.24548846e-002,
       -7.03964336e-003, -3.59612145e-002, -2.30110876e-004,
       -5.76816406e-003, -3.23536247e-001, -4.36755316e-003,
       5.43037392e-002, 9.97731648e-003, 1.67542137e-003,
       4.95851645e-003, -4.73535210e-002, -1.79000944e-002,
       -2.02098906e-001, 9.67755914e-003, -1.46590814e-001,
       6.19435869e-003, -3.40721868e-002, 1.10111502e-003,
       -5.66307874e-003, 5.18162549e-003, 2.34713610e-002,
       7.36689195e-003, 6.23973226e-003, 6.53820951e-003,
       1.28527544e-002, 1.09135052e-002, -1.38999358e-001,
       1.57231018e-002, 2.92476863e-002, 2.68837269e-002,
       1.30473107e-001, -2.51892488e-004, -5.90208843e-002,
       7.23045273e-003, 1.50672048e-002, 2.84038484e-002,
       -2.31778659e-002, 7.80495778e-002, -2.52188742e-002,
       8.43220651e-002, 1.28466794e-002, 4.14581634e-002,
       -3.79670747e-002, 2.18797252e-002, -2.66689926e-001,
       -1.19386707e-002, -9.40890796e-003, 6.50604889e-002,
       1.27081955e-002, -2.55860575e-003, -6.69032335e-003,
       6.32109344e-002, 3.71026732e-002, -1.06870162e-003,
       2.07628799e-003, -3.00655887e-002, -6.36264123e-003,
       1.54543687e-002, 4.55704406e-002, 1.18549868e-001,
       8.85676220e-002, -1.44386082e-003, 2.96339416e-003,
       2.06857864e-002, -1.16142828e-003, -3.22689069e-003,
       -1.79869514e-002, -2.41831541e-002, 2.39620265e-003,
       9.99175664e-003, 4.96317958e-003, -1.49673643e-002,
       5.70937693e-002, 3.53681622e-004, 8.05485770e-002,
       -7.80950487e-003, 4.50727418e-002, -8.38371888e-002,
       -1.18198045e-001, 2.53339275e-003, 2.76592746e-002,
       -4.10619099e-003, 6.47302344e-003, 1.29365977e-002,
       1.50134484e-003, 6.07082667e-003, 9.22858156e-003,
       -8.26179050e-003, 3.05386037e-002, -4.18572910e-002,
       -1.24059573e-001, -1.27757469e-003, 2.28643939e-002,
       3.99476998e-002, 6.26921933e-003, 0., 1.31659983e-002,
       -2.36028060e-002, 3.30915265e-002, -3.89989354e-002,
       -1.46022821e-002, 9.07759089e-003, 3.75521998e-003,
       6.86103851e-003, 5.40032703e-003, -5.05963340e-003,
       1.62053928e-002, -3.90261523e-002, -9.09219962e-003,
       -4.68014320e-003, -1.16467196e-002, -5.37953712e-003,
       1.23225350e-003, -3.92203918e-003, -3.47866374e-003,
       5.63817332e-003, 1.16781192e-002, 8.80499650e-003,
       2.77980939e-002, 4.31925262e-004, 4.74359691e-002,
       6.37050532e-003, -2.64435448e-002, 1.85952485e-001,
       2.35649347e-002, 8.89297295e-003, 1.60208214e-002,
       -6.24837773e-003, -8.26871954e-003, -5.92927029e-003,
       -4.20135409e-002, 8.76348466e-004, -9.17509012e-003,
       3.52204666e-002, 1.79345198e-002, 1.01091385e-001,
       1.14107169e-002, 1.83570180e-002, 3.46441977e-002,
       8.11538845e-003, -2.34343037e-002, -1.53934071e-002,
       3.31509276e-003, 7.61704659e-003, 1.10696293e-002,
       2.06653588e-002, 1.35166841e-002, 4.72827218e-002,
       -8.83170497e-003, 1.62479132e-002, -3.37707885e-002,
       5.39313257e-002, 8.58977884e-002, -4.05346742e-003,
       -1.08703077e-001, -6.95034256e-003, -1.09858379e-001,
       2.91275047e-002, -8.24777931e-002, 4.92966361e-003,
       -3.71069610e-001, 4.90285531e-002, 4.22836579e-002,
       5.58538362e-002, 6.36251047e-002, 5.61401434e-002,
       1.07404150e-001, -8.17795247e-002, 2.91481912e-002,
       1.28201516e-002, 2.02008504e-002, 1.14450771e-002,
       1.53522482e-002, 1.20402157e-001, -5.32530509e-002,
       9.10014436e-002, -2.09648404e-002, 4.10318449e-002,
       1.13146855e-002, -2.55661807e-003, 4.46231943e-003,
       -1.57332066e-002, -5.04345037e-002, 7.22358050e-003,
       -8.84004124e-003, 2.98582874e-002, -3.72653574e-001,
       5.61692426e-003, -4.28742636e-003, -7.37707131e-003,
       -3.23524773e-002, 9.48957447e-003, -8.01300406e-002,
       3.95547375e-002, -1.21283688e-001, -7.88298808e-003,
       8.78007561e-002, 3.69056277e-002, 4.06251624e-002,
       2.67228968e-002, 6.44803271e-002, -2.34129857e-002,
       -4.99083754e-003, -3.22114304e-002, 8.14831927e-002,
       2.28974372e-002, 2.36126268e-003, 8.49860298e-005,
       1.03150740e-001, -7.79044861e-003, 9.82116070e-003,
       1.63476057e-002, -2.28410456e-002, 1.40958903e-002,
       9.63971764e-003, 1.53423455e-002, -1.91100657e-001,
       -1.30162602e-002, -1.07941180e-002, 7.65204313e-004,
       -5.48567064e-003, 1.28626861e-002, 1.43227773e-003,
       1.66376308e-002, -6.95382655e-002, -1.58765190e-003,
       1.50604978e-001, -9.60058533e-003, 3.69577035e-002,
       -8.33657105e-004, 3.19787231e-003, -3.14010084e-002,
       1.72872916e-002, 1.18286395e-002, 1.19488537e-002,
       1.55476807e-003, 3.32748257e-002, -1.42709748e-003,
       5.35053783e-004, -1.43224206e-005, 5.63632250e-002,
       3.68538238e-002, 2.40039965e-003, -1.13752829e-002,
       -1.40544428e-002, 1.60613167e-003, 6.35674410e-003,
       -8.10889900e-003, -1.25629092e-002, 1.62310600e-002,
       -9.89702269e-002, 2.57013720e-002, 4.51099090e-002,
       -8.56782589e-003, 9.17792134e-003, 1.68579817e-002,
       3.63436341e-002, 1.15956161e-002, -4.10898253e-002,
       -3.26988241e-003, 1.26592308e-001, 3.50551540e-003,
       1.46535799e-001, -3.40422913e-002, 2.79211532e-002,
       1.58699311e-003, -1.74386762e-002, 5.49604185e-003,
       -1.36826858e-001, 5.97707601e-003, -2.84857124e-001,
       -8.00646842e-003, -4.12098505e-002, 4.14133188e-004,
       -2.06316076e-002, -1.17260898e-002, -2.21944861e-002,
       4.38934285e-003, 8.93119071e-003, -3.64237763e-002,
       1.50380852e-002, -7.11982092e-003, -6.72146305e-002,
       -3.67204733e-002, -7.46889599e-003, -6.49101753e-003,
       -5.49407452e-002, -2.14350056e-002, -6.92500127e-003,
       -9.18034744e-003, -2.12538727e-002, 7.63159767e-002,
       1.23108916e-001, -1.81143377e-002, -1.23354159e-002,
       -3.53749208e-002, 1.83632337e-002, 1.31081622e-002,
       -2.06864737e-002, 4.56811773e-004, 2.10400462e-001,
       6.43650889e-002, -5.55693032e-003, 6.77983910e-002,
       1.15554417e-002, 2.90145888e-003, 8.18546105e-004,
       9.44514051e-002, 3.37838717e-002, -4.27787891e-003,
       3.82236131e-002, -4.63794656e-002, 1.41288852e-002,
       1.61923226e-002, -1.00925773e-001, 1.38405472e-001,
       9.22307074e-002, -1.32585391e-002, -1.43385248e-003,
       1.82849895e-002, -2.86496263e-002, 8.46166816e-003,
       1.13184713e-002, 4.36326563e-002, -6.14602417e-002,
       -3.42725217e-002, 2.51449062e-003, -4.11327444e-002,
       -3.53842787e-002, -2.83258613e-002, 2.00619325e-002,
       -1.10796443e-003, -2.20891625e-001, -4.78512459e-002,
       -1.33844139e-002, -1.22753251e-003, -2.65216045e-002,
       -1.80239789e-003, 2.42759194e-003, 1.24299256e-002,
       -1.21029271e-002, -2.39410270e-002, 1.94990332e-003,
       2.43298057e-002, 6.35914356e-002, -1.62002526e-003,
       -2.56976187e-001, -8.38008802e-003, -7.34964991e-003,
       -3.70685533e-002, 4.45237150e-003, 0., 8.49268362e-002,
       -1.77212395e-002, 2.62381602e-002, 1.20959982e-001,
       1.40954452e-002, 2.04789708e-003, -1.60583551e-003,
       -6.41692721e-004, 1.98647124e-003, -7.50214793e-003,
       -1.39939208e-002, 7.98518807e-002, -1.08000999e-002,
       6.23616716e-003, 1.54563934e-002, -1.25364549e-002,
       -1.67013193e-003, -1.51509736e-002, -2.88978429e-003,
       -6.05226774e-003, -1.85266826e-002, 3.16898734e-003,
       -4.77159135e-002, 4.90766065e-003, -5.97569766e-003,
       -1.65594730e-003, -1.59665152e-001, 1.38117731e-001,
       -3.39058340e-002, 1.94449537e-002, 3.82785569e-003,
       -1.68619305e-002, -1.23799155e-002, -3.58613255e-003,
       -2.04956047e-002, -1.27577744e-002, 1.92812849e-002,
       1.74942296e-002, -1.20502594e-003, -5.63578755e-002,
       4.53512594e-002, 1.16321137e-002, -1.45582203e-003,
       -1.70859741e-003, 2.18860768e-002, -1.02707557e-003,
       -2.06810725e-003, -1.14580439e-002, -9.67120826e-002,
       -2.38703620e-002, -3.94869931e-002, 2.28505442e-003,
       7.99519345e-002, 2.51599029e-003, -5.93139464e-003,
       -1.79032702e-003, -1.69893637e-001, 1.41226336e-001,
       -7.85989836e-002, -5.58453053e-003, -7.33456239e-002,
       -3.40719000e-002, -2.24224478e-002, 6.03351779e-002,
       1.82277407e-003, 3.08994297e-003, -1.54237613e-001,
       1.36050016e-001, 1.04251280e-001, -1.28447330e-002,
       -1.43801838e-001, 5.78014106e-002, -4.23930353e-003,
       -6.72835344e-003, -5.80685250e-002, -4.35953814e-004,
       -1.90780144e-002, -1.01814926e-001, 5.14789857e-002,
       6.74154833e-002, -1.54994518e-001, -2.33013872e-002,
       1.09221488e-002, -6.10485021e-003, -7.64955126e-004,
       1.77739735e-003, -1.67818703e-002, -2.35297866e-002,
       9.59296003e-002, 4.58613709e-002, 1.51877686e-001,
       -7.44062336e-003, 8.60900735e-004, 2.28090938e-002,
       -3.00645977e-002, 2.37196479e-002, 5.28841577e-002,
       4.77049574e-002, -6.56582862e-002, -3.33827287e-002,
       1.24049269e-001, 3.38780088e-003, 3.76994498e-002,
       -7.09112138e-002, 2.55456209e-001, -1.85298454e-002,
       3.31382677e-002, 5.41329151e-003, -2.24766448e-001,
       -4.77633514e-002, 1.53238066e-002, 1.51922309e-003,
       -1.01709813e-002, -1.39841400e-002, -2.20384845e-003,
       -1.14495005e-003, -1.46779688e-002, -8.84799473e-003,
       1.25242490e-002, -4.10472974e-002, -2.41492670e-002,
       3.62838395e-002, 5.23257665e-002, -6.55046824e-005,
       2.86380462e-002, -1.99112436e-003, -1.64166570e-003,
       2.21440047e-002, 2.25566149e-001, -1.83848869e-002,
       9.47926864e-002, 7.99195562e-003, 6.11559823e-002,
       -2.56026792e-003, -1.28631117e-002, -2.15137075e-003,
       3.81888896e-002, 5.81009220e-003, -1.20222324e-003,
       9.45540331e-003, -2.65891571e-002, -6.63392479e-003,
       -1.59238782e-002, 2.05939002e-002, -2.70439349e-002,
       -9.86288209e-003, 1.94949878e-003, 1.92234910e-003,
       -9.90424585e-003, 6.47334941e-003, -1.32692149e-002,
       2.03997809e-002, -6.38343627e-003, 1.29319150e-002,
       -2.94255819e-002, 4.93400323e-004, -6.22626580e-003,
       3.10048857e-003, 4.69502877e-004, 1.27875790e-001,
       -6.45874115e-003, -2.59505864e-002, -2.27556061e-002,
       -9.90069564e-003, 1.42991781e-001, -2.25641392e-003,
       -1.12183243e-001, 3.84194590e-002, -2.15333491e-003,
       -1.45294927e-002, -2.76239961e-002, -7.17137149e-003,
       -2.71431655e-001, -4.06118669e-003, 5.49423732e-002,
       1.28930283e-003, 5.18452674e-002, -1.80056877e-003,
       -2.88482774e-002, -8.95152763e-002, 7.44884536e-002,
       2.12027933e-002, 1.52427191e-002, 2.44407430e-002,
       4.12109382e-002, 2.89563648e-003, -2.82472968e-002,
       -1.37423486e-001, 2.42912658e-002, -5.91392536e-003,
       1.15235284e-001, 4.03583841e-003, -8.59642401e-003,
       -2.10335804e-003, -1.48220779e-002, -5.58450483e-002,
       1.15184225e-001, 3.48507166e-002, -2.28661913e-002,
       7.39035681e-002, 3.03198900e-002, -3.03213857e-002,
       1.93441694e-003, 1.24317236e-001, 2.70770878e-001,
       -1.62657976e-001, -7.94103928e-003, 1.44774187e-002,
       5.13159763e-003, -3.52708064e-002, -3.99240758e-003,
       -1.36148185e-001, 1.38435345e-002, 1.25720939e-002,
       1.91791672e-002, -1.40426550e-002, -2.21939050e-002,
       -1.20672956e-002, 5.79264276e-002, 3.00132181e-003,
       7.30058476e-002, 1.70542002e-002, -3.00788874e-004,
       -3.37234773e-002, -1.10919163e-001, -9.64969024e-003,
       -1.13030188e-002, 1.17144056e-001, 2.56496836e-002,
       1.33700758e-001, -1.23783872e-002, 1.40806008e-002,
       -4.53254506e-002, 1.91704230e-003, -2.15572007e-002,
       -5.86027605e-003, 1.51002437e-001, 1.49970099e-001,
       1.33573748e-002, -8.97772436e-004, -1.54910590e-002,
       -8.23218282e-003, -7.31307408e-003, 3.73982191e-002,
       -7.52709340e-003, 9.00006667e-003, -2.59749847e-003,
       3.81258503e-002, -9.34474319e-002, 1.00226179e-002,
       -1.47723153e-001, 1.06527768e-002, -1.67972613e-002,
       3.65861654e-002, -2.07209698e-004, 0., -7.24251419e-002,
       1.12081796e-003, -2.86704060e-002, 1.97510198e-001,
       1.16339345e-002, 3.76819493e-003, 9.55486670e-003,
       5.47912270e-002, -1.30402781e-002, 3.43207060e-003,
       6.84798183e-003, 1.10290416e-001, -1.56520382e-002,
       -8.12981219e-004, 3.92083498e-003, 1.02131376e-002,
       -1.13519852e-003, -9.74057242e-003, 2.84635718e-003,
       1.36217168e-002, -3.58959138e-002, 1.16598746e-002,
       3.27507430e-003, 6.64046332e-002, -7.05492795e-002,
       1.55018838e-002, 1.37872368e-001, 1.16192505e-001,
       1.12164225e-002, 3.91069474e-003, -5.23183914e-003,
       -1.12271821e-002, 1.25387274e-002, -3.82475508e-003,
       -6.36694133e-002, 2.44859587e-002, 8.00200272e-003,
       -2.04179417e-002, -1.02075608e-002, 7.61382282e-002,
       -3.92840169e-002, -1.11577203e-002, 5.74706995e-004,
       1.15445387e-002, 2.14712210e-002, 1.07356589e-002,
       1.63814090e-002, -1.71617102e-002, -2.23757159e-002,
       1.12655351e-003, 1.77750140e-002, -1.87538229e-002,
       1.57094300e-002, -1.37403356e-002, 4.51286323e-003,
       6.07912764e-002, 5.09361513e-002, 3.49146221e-003,
       -1.97331950e-001, -3.25093865e-002, -3.89141999e-002,
       -2.12245509e-002, -1.01376534e-003, 9.90301929e-003,
       -9.17642340e-002, -8.79544858e-003, -1.74742252e-001,
       -1.04457103e-001, 1.31702600e-002, -3.29011679e-002,
       -3.76933105e-002, -1.21530928e-001, -3.48628312e-003,
       -2.51987074e-002, 2.66890526e-002, 8.32626503e-003,
       7.62917101e-002, 1.61957536e-002, 4.01904732e-002,
       -5.48823699e-002, 1.43435657e-001, -2.16271114e-002,
       -9.23482701e-003, -1.86966988e-003, 2.66441293e-002,
       -2.22973097e-002, -2.04303116e-002, 4.63925675e-002,
       3.28857340e-002, -3.86942998e-002, 7.32864998e-003,
       1.83337741e-002, 6.89321477e-003, -4.62588742e-002,
       5.32524288e-002, 2.63076928e-002, -1.61912113e-001,
       -2.25956086e-002, -1.35485128e-001, -2.90140212e-002,
       -1.68602929e-001, 1.95107311e-002, -3.70873995e-002,
       4.71309535e-002, -1.65306047e-001, 1.67758819e-002,
       -6.24926481e-003, 2.19729301e-002, -7.81151000e-003,
       5.34573523e-003, 9.33881197e-003, -5.15567977e-003,
       -1.37016885e-002, 1.03423570e-003, -4.82560415e-003,
       -1.62522180e-003, 1.12324720e-002, -7.73829268e-003,
       -5.90680912e-003, 5.06787337e-002, -8.50709435e-003,
       1.48820460e-001, -7.46773556e-002, -1.95019602e-004,
       -3.99983004e-002, -4.39730892e-003, 9.02796339e-004,
       3.42901573e-002, -1.79360695e-002, -2.85109617e-002,
       -1.44807726e-001, 7.75985559e-003, -7.14245662e-002,
       -5.98545943e-004, 8.89286119e-003, -1.79958679e-002,
       -3.29928510e-002, 1.58645436e-002, -5.51052741e-004,
       1.22180628e-002, 1.41878668e-002, 2.22200667e-003,
       9.17964429e-003, 2.03412790e-002, 7.63144642e-002,
       -8.54515005e-003, -3.30817164e-003, 4.69944999e-003,
       -4.96384911e-002, 1.50666274e-002, -1.26882764e-002,
       1.57569945e-001, 1.61924377e-001, 1.79888587e-002,
       -5.98484688e-002, 3.24650109e-002, -2.50721592e-002,
       -9.21694934e-003, -2.86541805e-002, 9.52825099e-002,
       -4.55025323e-002, -1.28963357e-002, -4.56713922e-002,
       -5.82535565e-003, 6.19277693e-002, 3.19439964e-003,
       -8.87630656e-002, 2.43189503e-002, -7.73488730e-003,
       -6.57181488e-003, 3.90670598e-002, -1.54947434e-002,
       -3.21374498e-002, 1.49467320e-003, 2.60556072e-001,
       5.05492836e-003, -1.92208048e-002, -6.54082280e-004,
       -5.64366579e-002, 5.03740050e-002, -3.02022733e-002,
       2.27060082e-004, -2.50132997e-002, -8.22586566e-003,
       5.60447276e-002, -4.36366908e-003, 7.97408745e-002,
       1.50193140e-001, -1.34605207e-002, 3.26504372e-002,
       -2.75629237e-002, -6.37927698e-003, 3.82751822e-002,
       -9.82301217e-003, 1.31337671e-003, -1.28684854e-002,
       -1.24608330e-001, -1.92900840e-002, 5.53274229e-002,
       -6.80304645e-003, 3.71982679e-002, -3.37144732e-002,
       5.37720334e-004, 1.11550074e-002, -1.35997534e-001,
       -3.13855633e-002, -1.63636450e-002, 4.56441976e-002,
       8.11227772e-004, 1.61307696e-002, -2.13900744e-003,
       -9.87032801e-003, 3.61362509e-002, 3.04953707e-003,
       -5.19781858e-002, 6.95913658e-003, 1.38239167e-003,
       -7.02902861e-003, 6.97613554e-003, 5.76874465e-002,
       9.42509547e-002, 1.03441542e-002, 7.34892068e-003,
       -8.45842902e-003, -6.03854358e-002, 3.01574524e-002,
       -3.77907343e-002, -3.37024853e-002, 9.95233841e-003,
       4.99275513e-002, 6.23913249e-003, 1.63319223e-002,
       -3.95837799e-002, 3.51147726e-002, 1.26323774e-002,
       -1.35742326e-003, -1.51311576e-001, 9.51598287e-002,
       8.37081894e-002, -2.57104891e-003, -3.78978401e-002,
       1.79862026e-002, 9.39810276e-003, -5.56082502e-002,
       1.02016777e-002, -4.10984596e-003, 6.70563243e-003,
       -3.51755284e-002, -1.14319660e-001, 2.16413084e-002,
       -6.21504299e-002, -5.90611110e-003, 8.15081701e-004,
       2.88585704e-002, 9.25246254e-003, 0., -6.32506758e-002,
       5.32594025e-002, 2.14193179e-003, -1.66238829e-001,
       2.80067958e-002, -1.75206747e-003, 4.75316793e-002,
       -1.89647470e-002, -6.95249019e-003, 4.50125383e-003,
       4.85480018e-003, -1.40972614e-001, 2.10126396e-004,
       -1.80308782e-002, 2.14136653e-002, -3.27315368e-002,
       5.83330111e-004, -2.61642155e-003, 1.16169220e-002,
       -2.02768296e-002, -2.47570183e-002, -2.79432465e-003,
       -1.02667157e-002, 4.42796294e-003, -7.39816800e-002,
       3.21283517e-003, 6.91926330e-002, -5.75344078e-002,
       7.27038737e-003, -7.50735262e-003, 3.77930515e-002,
       -1.05797173e-002, -1.07636470e-002, -3.97544866e-003,
       -1.97167266e-002, -1.51724846e-003, 3.20844539e-003,
       5.62007027e-003, 2.11734027e-002, -1.88062321e-002,
       -3.10644414e-003, -6.73246430e-003, 5.93452854e-003,
       -1.08499061e-002, 4.71372120e-002, 1.18640615e-002,
       3.81467342e-002, 1.66460238e-002, -5.45352213e-002,
       -2.73317602e-002, 1.87586970e-003, 6.34616567e-003,
       4.66734245e-002, -9.67829116e-003, 2.50172559e-002,
       3.20760608e-002, -8.13526660e-002, -1.46728918e-001,
       -3.29778671e-001, 3.28016542e-002, 5.82095375e-003,
       3.23572918e-003, 1.01047710e-001, 1.31226599e-003,
       -3.27067554e-001, 4.66522463e-002, 1.78901806e-001,
       -1.68393869e-002, 1.47246569e-001, -3.49809527e-002,
       -1.64565861e-001, -3.62594053e-002, 4.64965403e-002,
       3.53874406e-003, -1.25856064e-002, 1.12358406e-002,
       1.14998547e-002, 4.31400239e-002, 1.07651763e-001,
       -2.20680125e-002, 1.42198568e-002, 2.83373557e-002,
       1.82301563e-003, -1.21447851e-003, 1.56837758e-002,
       -1.34606827e-002, -1.00147389e-002, 1.37023302e-002,
       -4.40559871e-002, -1.94785446e-002, 1.78922966e-001,
       1.35848569e-002, 4.64660116e-003, 4.80004493e-003,
       5.30214235e-002, -8.11331905e-003, -2.04300582e-001,
       -5.79584623e-003, 7.52211139e-002, -7.61031210e-002,
       -3.68517712e-002, -3.38735208e-002, 5.35374396e-002,
       1.51089365e-002, 9.07022431e-002, 4.48280796e-002,
       6.87664151e-002, 5.64764999e-002, -1.21350490e-001,
       2.55595380e-003, 6.15477823e-002, -4.62495349e-003,
       -6.07527979e-003, 1.86038893e-002, -1.08334720e-002,
       9.64418706e-003, 3.44290957e-002, -1.68949123e-002,
       2.94088363e-003, -5.76145686e-002, 1.41793132e-001,
       -1.54916465e-001, 1.45785317e-001, 1.95601746e-003,
       -6.29948860e-004, 5.42871840e-003, -1.91696663e-003,
       3.22770001e-003, 2.11912692e-001, -2.56898589e-002,
       1.39992073e-001, -2.86664478e-002, -3.68644148e-002,
       -1.58017466e-003, 3.61376628e-002, -8.47776700e-003,
       2.40677278e-002, -1.55898416e-002, 1.66441678e-004,
       -4.86062979e-003, -2.43447302e-003, -5.99750550e-003,
       -3.29221686e-004, -8.67801346e-003, 3.68523560e-002,
       1.93062108e-002, 5.10936230e-003, 3.05175618e-003,
       -2.65333485e-002, -5.12728235e-003, -1.27456198e-002,
       -3.59413251e-002, 3.22828942e-004, 2.71504861e-003,
       2.06507798e-002, -1.53600369e-002, -3.34544033e-002,
       1.01361219e-002, -1.26052136e-002, -7.71997347e-002,
       -2.46964185e-003, -5.81061002e-003, 4.37406898e-002,
       -4.23590327e-003, 1.52915016e-001, 5.42525109e-003,
       -2.33348422e-002, 5.44962334e-003, -1.13487426e-004,
       2.31793467e-002, -7.98767731e-002, 1.49769178e-002,
       -3.27999324e-001, -5.41562634e-003, 2.99024880e-001,
       1.70788150e-002, -1.29116215e-002, 4.29012754e-004,
       6.88634440e-003, -4.23427522e-002, -3.62901576e-003,
       -1.33468108e-002, -1.28999567e-002, 2.82758102e-002,
       -2.48078052e-002, 9.03556589e-003, -1.14584863e-002,
       -2.93266363e-002, -1.46636171e-002, 1.96801275e-002,
       -6.92290738e-002, 7.82078318e-003, 3.59131806e-002,
       9.60600749e-003, -1.52253192e-002, 6.42673746e-002,
       -5.39912619e-002, 1.23268768e-001, 1.69456467e-001,
       -7.58247152e-002, 4.04941179e-002, 8.57221857e-002,
       8.49574618e-003, -5.77690196e-004, -4.52894121e-002,
       1.43873081e-001, 1.44697330e-003, -4.72199321e-002,
       6.17002398e-002, 8.96385014e-002, 6.68444298e-003,
       -1.28515735e-001, -1.78771578e-002, 8.61666072e-003,
       2.54079979e-002, -9.14676711e-002, -4.15170379e-003,
       2.30421182e-002, -2.95911804e-002, 2.47600731e-002,
       -9.23474059e-002, 3.06095742e-002, 9.26772971e-003,
       -1.87496003e-002, -8.03772062e-002, -1.81032065e-002,
       6.47392571e-002, -5.93478121e-002, 5.16878553e-002,
       6.21617166e-003, 6.17935546e-002, 4.40119691e-002,
       -5.06923087e-002, -9.67039447e-003, -2.12579072e-002,
       5.75220026e-003, -1.73477262e-001, 1.85786877e-002,
       -9.69525427e-002, -1.19247811e-003, -6.45370735e-003,
       9.41510312e-003, 4.42757783e-003, 1.83561142e-003,
       -3.30403335e-002, -2.65882518e-002, -2.38850731e-002,
       -1.11407824e-002, 5.60853304e-003, -5.76027371e-002,
       2.48628706e-001, 4.83172247e-003, -7.78934313e-003,
       -1.55103682e-002, 4.76775458e-003, 0., 5.31297140e-002,
       -4.42495495e-002, 5.47029898e-002, -4.46520224e-002,
       -6.82806922e-003, 5.71432502e-005, 1.65043510e-002,
       5.81405163e-002, 1.03864642e-002, -1.69346072e-002,
       -3.26510482e-002, 3.33919539e-003, -5.95516805e-003,
       1.12759871e-002, -1.22186672e-002, 3.01196668e-002,
       5.02174546e-004, 1.83329750e-002, 1.23274606e-003,
       1.71981577e-003, -4.69139889e-002, -1.04950052e-002,
       -3.85581888e-003, -2.73602735e-002, 1.66404825e-002,
       -1.84990168e-002, -1.47686705e-001, 3.19030099e-002,
       -1.59393512e-002, -1.83889307e-002, -7.40937740e-002,
       1.38777280e-002, 4.27318700e-002, 1.24582443e-002,
       -2.42733508e-002, -1.45945745e-002, 1.64187588e-002,
       4.17694971e-002, 2.33170372e-002, -2.62134690e-002,
       -3.44129838e-002, 7.14058727e-002, -1.63437650e-002,
       7.56463269e-003, -5.72762638e-002, 5.16822143e-003,
       -2.01369319e-002, 4.75940518e-002, -5.31279817e-002,
       -5.54262381e-003, 3.44373211e-002, 1.48621146e-002,
       -7.00068995e-002, -1.86860077e-002, 6.31544814e-002,
       3.83855146e-003, 1.20218731e-002, 1.21693686e-001,
       -7.89688155e-003, 5.29667959e-002, -9.84641016e-002,
       1.21391555e-002, -1.46842197e-001, 3.91325131e-002,
       1.46272197e-001, -7.81799108e-003, 1.34018660e-002,
       9.53543186e-002, -2.73140352e-002, 6.49161590e-003,
       4.78777522e-003, -1.83927864e-001, 6.37649074e-002,
       -1.12875262e-002, -4.94954688e-003, 3.23454081e-003,
       -5.20924702e-002, 3.17441635e-002, -9.23025385e-002,
       -1.26677798e-002, 1.11401372e-001, -1.52052697e-002,
       2.37197708e-002, -3.63502209e-003, -1.25489086e-002,
       2.02571135e-003, 4.73568849e-002, -7.49654695e-002,
       6.18340410e-002, -1.37304040e-002, -1.04768433e-001,
       5.68934157e-003, -1.14704370e-002, 4.21439484e-002,
       -1.96840391e-002, -1.35280062e-002, 2.53777709e-002,
       4.14944403e-002, -2.99998801e-002, -1.04767438e-002,
       7.93755651e-002, 1.00174211e-001, 6.75242469e-002,
       -3.11142467e-002, -1.70841053e-001, -2.73431465e-003,
       -6.15199059e-002, -1.96037441e-002, 1.50682591e-002,
       -6.91942573e-002, -2.45075002e-002, 4.51230211e-003,
       -1.53977826e-001, -2.52071787e-002, -6.80179941e-003,
       -1.08474139e-002, -4.27685305e-003, -1.41332634e-002,
       1.89407188e-002, -3.06723751e-002, -6.18711263e-002,
       -1.08742190e-003, -8.56952146e-002, -2.85554025e-003,
       3.15334946e-002, -6.61793398e-003, -1.62149093e-003,
       -1.96785405e-002, 1.99372128e-001, 3.10040433e-002,
       1.96954578e-001, 1.28577454e-002, 4.54911105e-002,
       1.44856423e-003, -6.23189211e-002, -4.33074310e-002,
       -3.21134739e-002, -6.42656989e-004, -9.59255453e-003,
       2.14993418e-003, -3.29190902e-002, 5.91933960e-003,
       -2.41677091e-002, -1.53020094e-003, -2.27465611e-002,
       6.70545474e-002, 2.30836007e-003, 6.18018210e-003,
       -5.01970313e-002, -9.62975807e-003, 3.68145364e-003,
       -3.29063646e-002, 1.35339290e-001, -7.60687515e-003,
       -2.15267502e-002, 6.33985698e-002, -1.40921874e-002,
       4.80151549e-003, 1.72365569e-002, 1.12655177e-003,
       3.19569581e-003, 7.27304369e-002, 3.78140807e-002,
       3.92035209e-003, -3.69257480e-002, 2.04966757e-002,
       -6.80497289e-002, -1.02289412e-002, -2.02975776e-002,
       6.14035362e-003, -1.16450042e-001, 1.22769484e-002,
       1.06285520e-001, -1.60605923e-004, 9.06403288e-002,
       -1.45858871e-002, 2.06160489e-002, 3.76619934e-003,
       4.49982472e-002, -1.34975445e-002, 3.37938033e-002,
       3.12772766e-002, 1.94309163e-003, 5.73880505e-003,
       3.14787664e-002, 2.42638234e-002, -1.01024956e-002,
       -1.25169635e-001, 1.67819802e-002, -8.60195048e-003,
       5.21191247e-002, -4.86000348e-003, 7.57639343e-003,
       -2.15462986e-002, -2.90215332e-002, -1.56137962e-002,
       -6.42480934e-003, -7.25070527e-003, -2.84985080e-002,
       5.93069717e-002, -1.73410904e-002, -3.56613705e-003,
       -5.83817670e-003, 8.25212970e-002, -1.05713956e-001,
       -1.51534364e-001, -1.31347654e-002, 5.30775040e-002,
       1.18269259e-002, -3.22586857e-002, -4.80079092e-003,
       -1.34717762e-001, -4.30370070e-004, -5.56028448e-004,
       -1.01944581e-002, -6.04955596e-004, 2.07148143e-003,
       1.00714475e-001, -5.21816453e-003, 9.86203775e-002,
       -3.37169543e-002, -1.09661464e-002, -1.02516375e-002,
       4.63568717e-002, -9.74200293e-003, 2.24193390e-002,
       3.03791054e-002, -2.36859452e-002, -7.09364787e-002,
       1.41417801e-001, 1.38082365e-002, -3.24619561e-002,
       -4.80759367e-002, 6.41202927e-002, 4.79293279e-002,
       -2.67061079e-003, 1.92532226e-001, 2.27897674e-001,
       1.08709959e-002, 3.75390332e-003, -2.73442883e-002,
       -2.24908851e-002, -1.50836287e-002, -2.41692271e-002,
       -5.93913207e-003, 3.01717594e-002, -2.12470107e-002,
       -3.36108170e-002, 9.52023119e-002, 1.44383302e-002,
       9.39866826e-002, -3.84153426e-003, -1.95092522e-002,
       5.27094193e-002, -1.15144216e-002, 0., 7.24118948e-002,
       -4.09662202e-002, 1.07395388e-002, -1.12918757e-001,
       9.30712558e-003, 1.48407491e-002, 1.16557386e-002,
       -1.68935414e-002, 1.35533502e-002, 1.95449707e-003,
       -1.73900537e-002, -8.56625289e-002, 2.01324224e-002,
       -3.99647541e-002, -1.44420238e-003, -3.45744342e-002,
       -7.51045998e-004, -2.46338733e-002, -1.09762903e-002,
       -7.43287196e-003, 2.37892307e-002, 2.00203061e-002,
       -4.67016324e-002, 2.67165247e-002, 8.77363458e-002,
       2.62315273e-002, -1.12745076e-001, 1.08478576e-001,
       -3.87236662e-002, -3.54002067e-003, -5.09244483e-003,
       -1.33859285e-003, -3.27523053e-002, -5.35800401e-003,
       3.43296565e-002, 1.93826128e-002, -6.18542824e-003,
       4.48588394e-002, -2.36061029e-002, 4.66833003e-002,
       -6.45356253e-002, 1.29240667e-002, -1.49005696e-001,
       1.37429675e-002, 6.49034306e-002, -8.80557764e-003,
       7.89749145e-004, -2.59150076e-003, -1.59441710e-001,
       -1.44800649e-003, 3.05489041e-002, 3.32756750e-002,
       6.40445948e-002, 5.61185405e-002, -1.90992225e-002,
       2.49558650e-002, 9.69759673e-002, -5.46620376e-002,
       -6.87633380e-002, 2.42842622e-002, -6.80744126e-002,
       -5.34408055e-002, 4.55253385e-002, 1.07107013e-002,
       7.95140639e-002, -4.77469899e-002, 9.98863652e-002,
       4.29631211e-002, 1.14923172e-001, 1.44965267e-002,
       -3.16045359e-002, -1.28902555e-001, -2.46776402e-001,
       3.58979567e-003, -4.81607206e-002, 3.31060141e-002,
       -1.51599981e-002, -1.28425434e-001, 1.90456435e-002,
       7.75067881e-002, -3.55795510e-002, -7.78413098e-003,
       1.62722990e-002, -8.89077201e-004, 5.17972559e-002,
       6.18718052e-003, -1.69783980e-002, -7.60424733e-002,
       -7.47401640e-002, 7.33234137e-002, -5.32759260e-003,
       5.09158708e-003, 9.17846919e-005, 1.21717248e-003,
       -4.33232971e-002, 2.27987599e-002, 1.57540336e-001,
       2.43244953e-002, 1.51038215e-001, -6.83079883e-002,
       1.49363622e-001, 4.56420369e-002, -6.93522021e-002,
       1.09966559e-005, 1.63239956e-001, -6.04422688e-002,
       -1.02394328e-001, -3.07299141e-002, -1.23216368e-001,
       -6.32689670e-002, -1.95117630e-002, 4.23307670e-003,
       1.02865070e-001, -1.86580177e-002, 1.33057581e-002,
       4.96668881e-003, 6.03031330e-002, 3.39814904e-003,
       1.32390196e-002, -2.17118151e-002, 7.15220161e-003,
       5.21259382e-002, -2.43393555e-001, -2.06890912e-003,
       -6.85584455e-005, 1.17454422e-003, -1.22961037e-005,
       5.64693063e-002, 1.71825424e-001, -2.04886850e-002,
       -2.53850192e-001, -5.33877918e-003, 6.47873282e-002,
       2.19723064e-004, -4.59768213e-002, -2.13898718e-002,
       7.07117608e-003, 1.03303064e-002, -4.29567695e-003,
       3.96696711e-003, -3.49261835e-002, -2.62246560e-003,
       -4.59495597e-002, -3.97076271e-003, 3.30885760e-002,
       2.37029903e-002, -5.71016409e-003, 6.80657430e-003,
       1.00226201e-001, 5.92668960e-003, -2.52298173e-002,
       -3.84111963e-002, -3.94947678e-002, 3.47089283e-002,
       -4.18233946e-002, 5.34196664e-003, -1.47264311e-002,
       -8.01461376e-003, -1.58197340e-002, 8.17750115e-003,
       9.04445723e-003, -4.99329455e-002, -6.07741177e-002,
       3.06400983e-003, -4.25204523e-002, -2.05853526e-002,
       -1.25425816e-001, -4.18756437e-003, -7.49547929e-002,
       2.73786467e-002, -1.43640399e-001, -1.98658444e-002,
       3.10116678e-001, -8.19829851e-003, 8.62194523e-002,
       5.57222083e-005, -8.58121365e-002, -4.45183192e-004,
       -4.23183739e-002, 4.83714603e-002, -4.18833792e-002,
       -2.76091602e-002, -1.02460133e-002, -7.09025934e-003,
       4.91435081e-003, -2.10445672e-002, -1.96286738e-002,
       1.06121987e-001, -1.95969380e-002, 5.61749004e-003,
       8.46500229e-003, -3.39200231e-003, 1.38637768e-002,
       -1.07265767e-002, 9.10045486e-003, 4.04229388e-003,
       -1.20991237e-001, -1.17996842e-001, 1.05938219e-001,
       1.26809664e-002, 7.13969674e-003, 3.92565913e-002,
       2.72820052e-002, -6.05782866e-002, 8.86933804e-002,
       1.97182477e-001, -1.22425538e-002, 4.34655733e-002,
       3.06597259e-002, 2.01545022e-002, -2.81463889e-003,
       -3.13666761e-002, -2.23678183e-002, -1.04737431e-002,
       6.51172549e-002, 2.79574860e-002, -4.78743985e-002,
       -3.92319858e-002, -2.93855835e-002, 4.56933718e-004,
       5.28605562e-003, 7.65834516e-003, -6.54181873e-004,
       4.08922955e-002, -4.04215716e-002, -1.97116341e-002,
       -6.46747053e-002, 9.50426832e-002, 6.18837811e-002,
       -5.76106012e-002, 8.83057900e-003, -2.02283990e-002,
       1.28917890e-002, 3.76374014e-002, 1.91767719e-002,
       -3.63931234e-004, -2.10966617e-001, -2.26713598e-001,
       -9.24175531e-002, -6.36076147e-004, 1.09002704e-003,
       4.49824752e-003, 2.60739983e-003, 5.89221753e-002,
       1.76589750e-002, 2.58447211e-002, 1.22629358e-002,
       4.14016917e-002, 4.62817587e-002, -1.26675861e-002,
       -4.54154685e-002, -1.39992952e-003, 1.21912844e-002,
       -1.12090157e-002, -2.53469334e-004, 0., -2.62869578e-002,
       -3.82703394e-002, -9.52818547e-004, 2.37913266e-001,
       -7.75600551e-004, -1.38209453e-002, 7.43714219e-004,
       1.98678691e-002, 1.91710535e-002, 2.58974340e-002,
       4.47307201e-003, 1.11159034e-001, 1.54885203e-002,
       4.25722227e-002, 2.41423436e-002, -1.86956376e-002,
       2.52849655e-003, 3.43569778e-002, 8.68341362e-004,
       2.17715241e-002, 1.68579016e-002, -1.46962777e-002,
       -4.52152919e-003, 7.02073053e-003, 2.69061383e-002,
       -1.19024925e-002, -7.00802132e-002, 6.70222491e-002,
       1.48476446e-002, 1.33773843e-002, 1.48504218e-002,
       -1.11265127e-002, -4.90739904e-002, -7.20843067e-003,
       7.14096660e-003, -3.23331431e-002, 5.85368788e-003,
       7.48614268e-003, 2.98827165e-003, 1.44831901e-002,
       -1.43587086e-002, 2.89970618e-002, -3.13589536e-002,
       -3.62543203e-002, 5.12693776e-003, -3.94555368e-003,
       -1.38664758e-002, 4.00131606e-002, -3.59073989e-002,
       3.31783970e-003, 1.54178645e-002, 3.66271548e-002,
       2.73693306e-003, -1.41491611e-002, -3.93169560e-002,
       -4.85696597e-003, 1.53698727e-001, 1.06955804e-001,
       -8.15480426e-002, 5.01679666e-002, -3.73490602e-002,
       1.63783878e-002, 2.39683595e-002, 2.50687376e-002,
       -3.37559208e-002, -1.82642415e-002, 1.23375356e-001,
       4.03085835e-002, 2.35718582e-002, -5.06198369e-002,
       -2.77887508e-002, -5.01360046e-003, -1.34300262e-001,
       2.93565877e-002, -2.05246210e-002, 1.93331987e-002,
       3.02750468e-002, 8.48791562e-003, -2.82509886e-002,
       1.42745182e-001, -8.07586163e-002, 1.30978338e-002,
       1.68236822e-003, 1.10396976e-002, -1.80465598e-002,
       4.27513942e-003, -6.15314245e-002, 6.48232037e-003,
       2.76938808e-004, -5.85511401e-002, 3.04211006e-002,
       6.84796646e-003, -3.05954949e-003, 2.90115885e-002,
       -3.12788114e-002, 1.47670163e-002, -3.28222185e-001,
       -1.19745797e-002, 5.62253920e-003, 2.96277273e-002,
       -1.11121662e-001, 4.06015329e-002, -9.41418856e-003,
       -6.82608690e-003, -7.91945383e-002, 2.26388332e-002,
       -5.63910566e-002, 1.20845833e-003, 1.39581487e-002,
       4.50262986e-002, 1.80906598e-002, 6.91731647e-003,
       1.05385371e-001, -9.31789167e-003, 1.35017717e-002,
       1.70699153e-002, -4.37724367e-002, 5.40697062e-003,
       1.49885742e-002, 3.80653143e-002, 3.56793515e-002,
       2.88226129e-003, -3.92998397e-001, 7.57173169e-004,
       -6.54743193e-003, 1.51367420e-002, -1.90892912e-004,
       -3.64489742e-002, 3.40343360e-003, -7.43154585e-002,
       -7.23551214e-002, 2.46245041e-002, 1.64321754e-002,
       -1.22999796e-003, -6.17691828e-003, 5.61390184e-002,
       8.29964504e-003, -1.62246767e-002, 8.28570221e-003,
       1.18169747e-002, 2.40735468e-002, -8.30649305e-003,
       -1.63407438e-003, 2.82667130e-002, 2.11597811e-002,
       1.24414684e-003, 1.83625636e-003, 1.99802499e-002,
       -2.35329401e-002, -1.41277760e-002, -1.65390931e-002,
       3.53066996e-002, 4.23806608e-002, -3.05330250e-002,
       2.60908753e-002, 1.38085736e-002, 2.43315101e-002,
       3.53256194e-003, 2.69885696e-002, 3.69233601e-002,
       4.86686043e-002, -2.78812051e-002, 7.43650198e-002 ]
